Filename:  S1.mca
Description:  
TimeStamp:  12/28/2024 10:58:07

ROI Information
Start	End	FWHM (N)	Net Area	Gross Area	Centroid (N)	Uncertainty	Status
1420	1486	1.259	261	1658	1446.24	21.22	GOOD
1979	2202	1.380	553	2329	2160.46	11.59	GOOD
3175	3556	1.016	905	1095	3344.27	3.96	GOOD
3925	4411	1.866	591	1561	4191.16	8.51	GOOD
4733	5108	0.000	0	339	0	0	BAD

Spectral Data Information
Channel	Data
0	0
1	0
2	0
3	0
4	0
5	0
6	0
7	0
8	0
9	0
10	0
11	0
12	0
13	0
14	0
15	0
16	0
17	0
18	0
19	0
20	0
21	0
22	0
23	0
24	0
25	0
26	0
27	0
28	0
29	0
30	0
31	0
32	0
33	0
34	0
35	0
36	0
37	0
38	0
39	0
40	0
41	0
42	0
43	0
44	0
45	0
46	0
47	0
48	0
49	0
50	0
51	0
52	0
53	0
54	0
55	0
56	0
57	0
58	0
59	0
60	0
61	0
62	0
63	0
64	0
65	0
66	0
67	0
68	0
69	0
70	0
71	0
72	0
73	0
74	0
75	0
76	0
77	0
78	0
79	0
80	0
81	0
82	0
83	0
84	0
85	0
86	0
87	0
88	0
89	0
90	0
91	0
92	0
93	0
94	0
95	0
96	0
97	0
98	0
99	0
100	0
101	0
102	0
103	0
104	0
105	0
106	0
107	0
108	0
109	0
110	0
111	0
112	0
113	0
114	0
115	0
116	0
117	0
118	0
119	0
120	0
121	0
122	0
123	0
124	0
125	0
126	0
127	0
128	0
129	0
130	0
131	0
132	0
133	0
134	0
135	0
136	0
137	0
138	0
139	0
140	0
141	0
142	0
143	0
144	0
145	0
146	0
147	0
148	0
149	0
150	0
151	0
152	0
153	0
154	0
155	0
156	0
157	0
158	0
159	0
160	0
161	0
162	0
163	0
164	0
165	0
166	0
167	0
168	0
169	0
170	0
171	0
172	0
173	0
174	0
175	0
176	0
177	0
178	0
179	0
180	0
181	0
182	0
183	0
184	0
185	0
186	0
187	0
188	0
189	0
190	0
191	0
192	0
193	0
194	0
195	0
196	0
197	0
198	0
199	0
200	0
201	0
202	0
203	0
204	0
205	0
206	0
207	0
208	0
209	0
210	0
211	0
212	0
213	0
214	0
215	0
216	0
217	0
218	0
219	0
220	0
221	0
222	0
223	0
224	0
225	0
226	0
227	0
228	0
229	0
230	0
231	0
232	0
233	0
234	0
235	0
236	0
237	0
238	0
239	0
240	0
241	0
242	0
243	0
244	0
245	0
246	0
247	0
248	0
249	0
250	0
251	0
252	0
253	0
254	0
255	0
256	0
257	0
258	0
259	0
260	0
261	0
262	0
263	0
264	0
265	0
266	0
267	0
268	0
269	0
270	0
271	0
272	0
273	0
274	0
275	0
276	0
277	0
278	0
279	0
280	0
281	0
282	0
283	0
284	0
285	0
286	0
287	0
288	0
289	0
290	0
291	0
292	0
293	0
294	0
295	0
296	0
297	0
298	0
299	0
300	0
301	0
302	0
303	0
304	0
305	0
306	0
307	0
308	0
309	0
310	0
311	0
312	0
313	0
314	0
315	0
316	0
317	0
318	0
319	0
320	0
321	0
322	0
323	0
324	0
325	0
326	0
327	0
328	0
329	0
330	0
331	0
332	0
333	0
334	0
335	0
336	0
337	0
338	0
339	0
340	0
341	0
342	0
343	0
344	0
345	0
346	0
347	0
348	0
349	0
350	0
351	0
352	0
353	0
354	0
355	0
356	0
357	0
358	0
359	0
360	0
361	0
362	0
363	0
364	0
365	0
366	0
367	0
368	0
369	0
370	0
371	0
372	0
373	0
374	0
375	0
376	0
377	0
378	0
379	0
380	0
381	0
382	0
383	0
384	0
385	0
386	0
387	0
388	0
389	0
390	0
391	0
392	0
393	0
394	0
395	0
396	0
397	0
398	0
399	0
400	0
401	0
402	0
403	0
404	0
405	0
406	0
407	0
408	0
409	0
410	0
411	0
412	0
413	0
414	0
415	0
416	0
417	0
418	0
419	0
420	0
421	0
422	0
423	0
424	0
425	0
426	0
427	0
428	0
429	0
430	0
431	0
432	0
433	0
434	0
435	0
436	0
437	0
438	0
439	0
440	0
441	0
442	0
443	0
444	0
445	0
446	0
447	0
448	0
449	0
450	0
451	0
452	0
453	0
454	0
455	0
456	0
457	0
458	0
459	0
460	0
461	0
462	0
463	0
464	0
465	0
466	0
467	0
468	0
469	0
470	0
471	0
472	0
473	0
474	0
475	0
476	0
477	0
478	0
479	0
480	0
481	0
482	0
483	0
484	0
485	0
486	0
487	0
488	0
489	0
490	0
491	0
492	0
493	0
494	0
495	0
496	0
497	0
498	0
499	0
500	0
501	0
502	0
503	0
504	0
505	0
506	0
507	0
508	0
509	0
510	0
511	0
512	0
513	0
514	0
515	0
516	0
517	0
518	0
519	0
520	0
521	0
522	0
523	0
524	0
525	0
526	0
527	0
528	0
529	0
530	0
531	0
532	0
533	0
534	0
535	0
536	0
537	0
538	0
539	0
540	0
541	0
542	0
543	0
544	0
545	0
546	0
547	0
548	0
549	0
550	0
551	0
552	0
553	0
554	0
555	0
556	0
557	0
558	0
559	0
560	0
561	0
562	0
563	0
564	0
565	0
566	0
567	0
568	0
569	0
570	0
571	0
572	0
573	0
574	0
575	0
576	0
577	0
578	0
579	0
580	0
581	0
582	0
583	0
584	0
585	0
586	0
587	0
588	0
589	0
590	0
591	0
592	0
593	0
594	0
595	0
596	0
597	0
598	0
599	0
600	0
601	0
602	0
603	0
604	0
605	0
606	0
607	0
608	0
609	0
610	0
611	0
612	0
613	0
614	0
615	0
616	0
617	0
618	0
619	0
620	0
621	0
622	0
623	34
624	42
625	35
626	33
627	25
628	42
629	34
630	38
631	38
632	35
633	39
634	38
635	40
636	48
637	37
638	41
639	49
640	34
641	31
642	32
643	38
644	41
645	38
646	41
647	42
648	41
649	55
650	52
651	50
652	42
653	45
654	39
655	39
656	49
657	68
658	47
659	54
660	56
661	55
662	64
663	52
664	55
665	49
666	49
667	49
668	57
669	76
670	67
671	60
672	60
673	59
674	60
675	75
676	80
677	57
678	76
679	73
680	64
681	87
682	75
683	70
684	78
685	90
686	91
687	84
688	92
689	97
690	60
691	96
692	113
693	75
694	95
695	97
696	101
697	104
698	93
699	101
700	96
701	99
702	108
703	103
704	117
705	93
706	109
707	96
708	113
709	121
710	111
711	110
712	93
713	118
714	135
715	116
716	107
717	129
718	101
719	124
720	135
721	152
722	133
723	124
724	133
725	121
726	138
727	154
728	137
729	136
730	134
731	162
732	148
733	130
734	160
735	132
736	133
737	157
738	142
739	147
740	139
741	129
742	134
743	147
744	158
745	154
746	142
747	151
748	125
749	179
750	161
751	123
752	139
753	145
754	162
755	145
756	162
757	149
758	155
759	141
760	163
761	162
762	166
763	164
764	172
765	171
766	159
767	163
768	166
769	172
770	153
771	166
772	169
773	147
774	156
775	152
776	162
777	155
778	161
779	142
780	153
781	166
782	162
783	154
784	131
785	136
786	149
787	167
788	148
789	126
790	153
791	148
792	147
793	158
794	135
795	140
796	154
797	151
798	166
799	120
800	136
801	160
802	152
803	146
804	125
805	140
806	131
807	142
808	141
809	132
810	160
811	118
812	136
813	132
814	138
815	131
816	126
817	146
818	152
819	138
820	132
821	148
822	121
823	122
824	128
825	125
826	148
827	120
828	121
829	130
830	133
831	121
832	110
833	123
834	126
835	111
836	140
837	133
838	114
839	141
840	133
841	118
842	126
843	120
844	125
845	137
846	133
847	121
848	112
849	119
850	104
851	124
852	122
853	127
854	138
855	118
856	120
857	132
858	109
859	119
860	140
861	119
862	92
863	113
864	117
865	119
866	129
867	110
868	99
869	108
870	125
871	105
872	101
873	120
874	127
875	127
876	125
877	109
878	113
879	121
880	103
881	119
882	121
883	105
884	131
885	98
886	135
887	134
888	111
889	117
890	102
891	97
892	108
893	98
894	100
895	109
896	112
897	98
898	118
899	97
900	105
901	103
902	105
903	103
904	97
905	98
906	123
907	112
908	91
909	117
910	83
911	96
912	101
913	102
914	85
915	108
916	91
917	95
918	88
919	104
920	110
921	92
922	100
923	94
924	84
925	107
926	95
927	114
928	100
929	109
930	119
931	103
932	91
933	104
934	81
935	114
936	80
937	84
938	99
939	92
940	112
941	118
942	93
943	96
944	86
945	102
946	121
947	89
948	96
949	75
950	81
951	85
952	87
953	88
954	95
955	79
956	82
957	84
958	85
959	93
960	85
961	85
962	72
963	83
964	69
965	93
966	83
967	80
968	83
969	94
970	70
971	82
972	94
973	69
974	75
975	89
976	96
977	81
978	85
979	72
980	81
981	70
982	79
983	85
984	94
985	76
986	71
987	81
988	72
989	73
990	75
991	74
992	83
993	80
994	82
995	66
996	71
997	72
998	87
999	64
1000	86
1001	78
1002	82
1003	81
1004	81
1005	58
1006	72
1007	86
1008	90
1009	81
1010	79
1011	66
1012	81
1013	69
1014	89
1015	72
1016	87
1017	72
1018	80
1019	51
1020	77
1021	78
1022	75
1023	70
1024	70
1025	83
1026	62
1027	56
1028	83
1029	72
1030	66
1031	71
1032	70
1033	63
1034	78
1035	64
1036	61
1037	65
1038	69
1039	64
1040	63
1041	70
1042	69
1043	64
1044	75
1045	63
1046	51
1047	66
1048	51
1049	56
1050	59
1051	67
1052	63
1053	69
1054	71
1055	60
1056	67
1057	53
1058	67
1059	72
1060	59
1061	68
1062	61
1063	73
1064	51
1065	83
1066	60
1067	77
1068	63
1069	54
1070	51
1071	63
1072	64
1073	54
1074	71
1075	59
1076	62
1077	56
1078	56
1079	67
1080	63
1081	61
1082	62
1083	53
1084	55
1085	58
1086	60
1087	51
1088	62
1089	64
1090	61
1091	50
1092	65
1093	63
1094	51
1095	65
1096	46
1097	43
1098	52
1099	70
1100	53
1101	64
1102	43
1103	55
1104	53
1105	66
1106	50
1107	62
1108	49
1109	66
1110	64
1111	52
1112	40
1113	47
1114	44
1115	54
1116	56
1117	56
1118	55
1119	68
1120	59
1121	65
1122	38
1123	69
1124	63
1125	54
1126	51
1127	58
1128	60
1129	56
1130	51
1131	55
1132	53
1133	47
1134	49
1135	59
1136	49
1137	55
1138	62
1139	45
1140	56
1141	48
1142	63
1143	51
1144	64
1145	54
1146	55
1147	54
1148	53
1149	53
1150	60
1151	52
1152	57
1153	53
1154	67
1155	58
1156	53
1157	68
1158	54
1159	51
1160	48
1161	61
1162	72
1163	52
1164	48
1165	53
1166	54
1167	57
1168	60
1169	63
1170	51
1171	64
1172	48
1173	61
1174	56
1175	57
1176	53
1177	55
1178	57
1179	56
1180	55
1181	40
1182	58
1183	55
1184	56
1185	60
1186	55
1187	41
1188	48
1189	53
1190	54
1191	52
1192	41
1193	40
1194	48
1195	39
1196	53
1197	40
1198	47
1199	47
1200	43
1201	45
1202	40
1203	52
1204	43
1205	31
1206	44
1207	51
1208	37
1209	50
1210	56
1211	40
1212	28
1213	44
1214	37
1215	40
1216	54
1217	45
1218	39
1219	44
1220	43
1221	43
1222	33
1223	36
1224	34
1225	36
1226	30
1227	38
1228	29
1229	39
1230	40
1231	37
1232	33
1233	40
1234	40
1235	30
1236	36
1237	36
1238	29
1239	46
1240	36
1241	31
1242	31
1243	39
1244	25
1245	35
1246	41
1247	31
1248	32
1249	36
1250	41
1251	32
1252	28
1253	32
1254	36
1255	31
1256	32
1257	35
1258	47
1259	35
1260	45
1261	39
1262	25
1263	25
1264	44
1265	39
1266	33
1267	29
1268	40
1269	31
1270	38
1271	41
1272	33
1273	45
1274	27
1275	34
1276	33
1277	33
1278	31
1279	42
1280	36
1281	39
1282	46
1283	30
1284	24
1285	37
1286	39
1287	40
1288	39
1289	41
1290	35
1291	41
1292	26
1293	29
1294	39
1295	22
1296	31
1297	30
1298	26
1299	41
1300	33
1301	44
1302	26
1303	23
1304	39
1305	45
1306	32
1307	24
1308	35
1309	29
1310	36
1311	43
1312	38
1313	29
1314	24
1315	29
1316	37
1317	32
1318	44
1319	34
1320	30
1321	28
1322	31
1323	24
1324	36
1325	33
1326	37
1327	34
1328	29
1329	15
1330	42
1331	26
1332	31
1333	29
1334	27
1335	31
1336	28
1337	25
1338	34
1339	33
1340	28
1341	33
1342	23
1343	30
1344	28
1345	32
1346	22
1347	28
1348	37
1349	24
1350	30
1351	32
1352	22
1353	29
1354	20
1355	32
1356	27
1357	32
1358	24
1359	28
1360	27
1361	22
1362	31
1363	30
1364	34
1365	15
1366	28
1367	24
1368	23
1369	27
1370	26
1371	27
1372	32
1373	31
1374	23
1375	30
1376	33
1377	26
1378	32
1379	30
1380	22
1381	32
1382	24
1383	15
1384	27
1385	21
1386	31
1387	20
1388	15
1389	26
1390	21
1391	31
1392	27
1393	17
1394	20
1395	27
1396	29
1397	32
1398	24
1399	30
1400	31
1401	18
1402	25
1403	31
1404	29
1405	25
1406	22
1407	22
1408	25
1409	32
1410	22
1411	40
1412	22
1413	27
1414	25
1415	27
1416	26
1417	40
1418	26
1419	24
1420	22
1421	31
1422	19
1423	29
1424	25
1425	32
1426	33
1427	32
1428	25
1429	27
1430	21
1431	36
1432	27
1433	26
1434	22
1435	33
1436	29
1437	28
1438	24
1439	21
1440	29
1441	27
1442	31
1443	23
1444	27
1445	27
1446	23
1447	22
1448	26
1449	25
1450	23
1451	31
1452	28
1453	22
1454	23
1455	32
1456	33
1457	26
1458	29
1459	18
1460	18
1461	21
1462	26
1463	25
1464	25
1465	32
1466	24
1467	24
1468	24
1469	29
1470	22
1471	25
1472	16
1473	29
1474	21
1475	18
1476	26
1477	29
1478	26
1479	23
1480	18
1481	30
1482	24
1483	22
1484	21
1485	15
1486	21
1487	14
1488	18
1489	18
1490	14
1491	19
1492	23
1493	19
1494	21
1495	24
1496	19
1497	21
1498	20
1499	12
1500	18
1501	18
1502	23
1503	30
1504	20
1505	14
1506	23
1507	20
1508	16
1509	12
1510	26
1511	16
1512	21
1513	19
1514	21
1515	18
1516	12
1517	15
1518	15
1519	17
1520	15
1521	17
1522	18
1523	18
1524	23
1525	27
1526	18
1527	12
1528	13
1529	19
1530	21
1531	19
1532	15
1533	19
1534	10
1535	21
1536	9
1537	16
1538	15
1539	30
1540	18
1541	14
1542	29
1543	16
1544	11
1545	18
1546	23
1547	11
1548	20
1549	15
1550	13
1551	12
1552	9
1553	15
1554	19
1555	17
1556	18
1557	15
1558	12
1559	12
1560	9
1561	14
1562	14
1563	14
1564	17
1565	13
1566	13
1567	20
1568	24
1569	14
1570	20
1571	9
1572	13
1573	13
1574	21
1575	11
1576	19
1577	16
1578	14
1579	17
1580	15
1581	12
1582	16
1583	15
1584	16
1585	16
1586	13
1587	13
1588	16
1589	18
1590	12
1591	13
1592	13
1593	23
1594	19
1595	11
1596	13
1597	10
1598	15
1599	13
1600	21
1601	9
1602	14
1603	18
1604	15
1605	13
1606	14
1607	10
1608	10
1609	13
1610	16
1611	14
1612	17
1613	11
1614	10
1615	19
1616	12
1617	13
1618	12
1619	16
1620	10
1621	12
1622	15
1623	18
1624	12
1625	12
1626	9
1627	20
1628	12
1629	19
1630	12
1631	17
1632	6
1633	13
1634	14
1635	13
1636	9
1637	16
1638	8
1639	15
1640	6
1641	14
1642	24
1643	19
1644	7
1645	13
1646	15
1647	9
1648	14
1649	11
1650	14
1651	22
1652	9
1653	16
1654	15
1655	11
1656	14
1657	8
1658	11
1659	14
1660	17
1661	16
1662	17
1663	8
1664	12
1665	14
1666	11
1667	14
1668	12
1669	6
1670	10
1671	12
1672	13
1673	16
1674	16
1675	11
1676	12
1677	12
1678	13
1679	12
1680	14
1681	13
1682	10
1683	18
1684	8
1685	11
1686	14
1687	16
1688	12
1689	8
1690	6
1691	22
1692	7
1693	14
1694	13
1695	15
1696	11
1697	13
1698	15
1699	10
1700	14
1701	6
1702	17
1703	12
1704	9
1705	12
1706	17
1707	18
1708	8
1709	12
1710	5
1711	13
1712	10
1713	14
1714	14
1715	16
1716	12
1717	14
1718	18
1719	11
1720	13
1721	8
1722	14
1723	16
1724	10
1725	17
1726	16
1727	14
1728	8
1729	11
1730	13
1731	15
1732	17
1733	11
1734	14
1735	10
1736	11
1737	11
1738	17
1739	17
1740	14
1741	17
1742	16
1743	11
1744	13
1745	12
1746	20
1747	10
1748	6
1749	15
1750	16
1751	10
1752	11
1753	10
1754	14
1755	8
1756	19
1757	14
1758	12
1759	6
1760	8
1761	11
1762	5
1763	13
1764	19
1765	12
1766	12
1767	12
1768	8
1769	16
1770	11
1771	14
1772	10
1773	12
1774	8
1775	12
1776	14
1777	13
1778	14
1779	10
1780	10
1781	14
1782	11
1783	18
1784	9
1785	16
1786	11
1787	11
1788	9
1789	8
1790	11
1791	11
1792	10
1793	9
1794	10
1795	8
1796	8
1797	9
1798	16
1799	17
1800	13
1801	17
1802	7
1803	16
1804	5
1805	10
1806	7
1807	18
1808	15
1809	15
1810	17
1811	12
1812	9
1813	14
1814	8
1815	13
1816	11
1817	6
1818	14
1819	15
1820	10
1821	9
1822	13
1823	7
1824	12
1825	8
1826	15
1827	8
1828	14
1829	11
1830	20
1831	7
1832	16
1833	17
1834	13
1835	9
1836	7
1837	18
1838	6
1839	19
1840	6
1841	20
1842	7
1843	12
1844	15
1845	9
1846	8
1847	9
1848	11
1849	11
1850	14
1851	8
1852	9
1853	12
1854	12
1855	12
1856	21
1857	10
1858	15
1859	12
1860	8
1861	15
1862	11
1863	10
1864	13
1865	11
1866	13
1867	7
1868	16
1869	15
1870	13
1871	19
1872	12
1873	6
1874	13
1875	13
1876	17
1877	5
1878	2
1879	13
1880	13
1881	17
1882	7
1883	8
1884	13
1885	14
1886	11
1887	13
1888	12
1889	12
1890	14
1891	16
1892	7
1893	10
1894	12
1895	4
1896	14
1897	9
1898	11
1899	11
1900	8
1901	8
1902	11
1903	9
1904	11
1905	7
1906	9
1907	19
1908	9
1909	10
1910	12
1911	7
1912	6
1913	6
1914	6
1915	5
1916	8
1917	9
1918	14
1919	11
1920	9
1921	8
1922	9
1923	7
1924	10
1925	15
1926	8
1927	11
1928	7
1929	7
1930	5
1931	6
1932	8
1933	10
1934	11
1935	11
1936	12
1937	14
1938	6
1939	13
1940	9
1941	6
1942	13
1943	6
1944	5
1945	12
1946	10
1947	8
1948	12
1949	11
1950	11
1951	5
1952	12
1953	5
1954	9
1955	11
1956	9
1957	9
1958	13
1959	14
1960	12
1961	12
1962	16
1963	5
1964	11
1965	16
1966	6
1967	12
1968	9
1969	19
1970	12
1971	5
1972	11
1973	17
1974	7
1975	5
1976	9
1977	5
1978	10
1979	14
1980	11
1981	10
1982	9
1983	10
1984	10
1985	8
1986	10
1987	5
1988	11
1989	9
1990	10
1991	7
1992	7
1993	18
1994	13
1995	9
1996	10
1997	9
1998	6
1999	9
2000	17
2001	8
2002	7
2003	10
2004	11
2005	14
2006	13
2007	12
2008	6
2009	15
2010	6
2011	13
2012	12
2013	12
2014	10
2015	21
2016	9
2017	5
2018	6
2019	15
2020	13
2021	12
2022	6
2023	7
2024	16
2025	10
2026	16
2027	16
2028	13
2029	17
2030	8
2031	12
2032	13
2033	7
2034	18
2035	11
2036	9
2037	12
2038	10
2039	8
2040	9
2041	15
2042	12
2043	17
2044	9
2045	14
2046	8
2047	10
2048	11
2049	12
2050	10
2051	13
2052	10
2053	7
2054	7
2055	11
2056	13
2057	10
2058	13
2059	16
2060	14
2061	9
2062	10
2063	12
2064	5
2065	11
2066	21
2067	15
2068	7
2069	11
2070	10
2071	7
2072	11
2073	16
2074	14
2075	11
2076	10
2077	6
2078	12
2079	14
2080	13
2081	8
2082	20
2083	12
2084	12
2085	11
2086	17
2087	10
2088	17
2089	8
2090	12
2091	12
2092	13
2093	12
2094	8
2095	13
2096	11
2097	7
2098	17
2099	11
2100	8
2101	2
2102	11
2103	10
2104	7
2105	8
2106	17
2107	10
2108	13
2109	15
2110	14
2111	16
2112	13
2113	15
2114	12
2115	12
2116	12
2117	16
2118	12
2119	7
2120	8
2121	12
2122	8
2123	10
2124	10
2125	14
2126	8
2127	13
2128	10
2129	7
2130	7
2131	10
2132	11
2133	10
2134	9
2135	11
2136	9
2137	11
2138	14
2139	9
2140	9
2141	13
2142	14
2143	11
2144	6
2145	7
2146	14
2147	8
2148	8
2149	6
2150	10
2151	11
2152	12
2153	11
2154	12
2155	12
2156	11
2157	9
2158	11
2159	8
2160	9
2161	3
2162	12
2163	8
2164	7
2165	12
2166	7
2167	6
2168	11
2169	10
2170	8
2171	8
2172	9
2173	4
2174	5
2175	11
2176	5
2177	7
2178	11
2179	8
2180	16
2181	5
2182	11
2183	5
2184	6
2185	12
2186	8
2187	8
2188	8
2189	7
2190	11
2191	4
2192	9
2193	11
2194	9
2195	9
2196	8
2197	7
2198	7
2199	11
2200	12
2201	6
2202	2
2203	7
2204	9
2205	4
2206	9
2207	7
2208	5
2209	10
2210	4
2211	6
2212	4
2213	1
2214	5
2215	9
2216	3
2217	5
2218	9
2219	6
2220	2
2221	3
2222	11
2223	6
2224	4
2225	10
2226	8
2227	7
2228	8
2229	6
2230	8
2231	7
2232	2
2233	9
2234	4
2235	7
2236	5
2237	9
2238	5
2239	4
2240	9
2241	1
2242	11
2243	11
2244	5
2245	6
2246	7
2247	6
2248	5
2249	9
2250	5
2251	3
2252	3
2253	5
2254	4
2255	6
2256	8
2257	9
2258	8
2259	6
2260	7
2261	3
2262	9
2263	5
2264	4
2265	6
2266	7
2267	4
2268	1
2269	9
2270	6
2271	6
2272	3
2273	11
2274	6
2275	6
2276	2
2277	5
2278	7
2279	3
2280	5
2281	10
2282	7
2283	4
2284	12
2285	5
2286	6
2287	2
2288	4
2289	6
2290	3
2291	2
2292	6
2293	9
2294	9
2295	4
2296	4
2297	1
2298	5
2299	5
2300	10
2301	5
2302	7
2303	3
2304	6
2305	10
2306	7
2307	5
2308	5
2309	3
2310	6
2311	4
2312	5
2313	9
2314	4
2315	7
2316	3
2317	4
2318	7
2319	5
2320	5
2321	7
2322	5
2323	5
2324	5
2325	6
2326	1
2327	5
2328	7
2329	4
2330	4
2331	3
2332	5
2333	12
2334	7
2335	2
2336	4
2337	4
2338	6
2339	7
2340	5
2341	4
2342	10
2343	5
2344	6
2345	7
2346	4
2347	7
2348	5
2349	2
2350	5
2351	5
2352	7
2353	3
2354	3
2355	5
2356	7
2357	5
2358	6
2359	2
2360	8
2361	4
2362	6
2363	4
2364	7
2365	3
2366	4
2367	8
2368	8
2369	4
2370	6
2371	8
2372	8
2373	4
2374	6
2375	11
2376	7
2377	8
2378	8
2379	6
2380	3
2381	3
2382	3
2383	6
2384	8
2385	5
2386	5
2387	6
2388	7
2389	6
2390	6
2391	4
2392	9
2393	4
2394	12
2395	8
2396	10
2397	3
2398	8
2399	2
2400	4
2401	5
2402	2
2403	6
2404	9
2405	6
2406	10
2407	6
2408	5
2409	3
2410	7
2411	9
2412	4
2413	6
2414	5
2415	6
2416	6
2417	13
2418	5
2419	4
2420	4
2421	4
2422	8
2423	2
2424	5
2425	4
2426	5
2427	5
2428	5
2429	7
2430	6
2431	5
2432	8
2433	12
2434	7
2435	0
2436	6
2437	5
2438	5
2439	7
2440	7
2441	10
2442	8
2443	4
2444	6
2445	8
2446	7
2447	8
2448	4
2449	1
2450	8
2451	5
2452	8
2453	6
2454	8
2455	3
2456	4
2457	1
2458	4
2459	6
2460	6
2461	4
2462	8
2463	7
2464	7
2465	7
2466	7
2467	9
2468	5
2469	11
2470	5
2471	3
2472	3
2473	5
2474	5
2475	4
2476	10
2477	7
2478	4
2479	6
2480	10
2481	3
2482	6
2483	4
2484	4
2485	3
2486	5
2487	3
2488	4
2489	1
2490	3
2491	8
2492	4
2493	4
2494	3
2495	8
2496	10
2497	4
2498	4
2499	5
2500	4
2501	4
2502	4
2503	3
2504	6
2505	6
2506	6
2507	2
2508	6
2509	6
2510	6
2511	7
2512	3
2513	4
2514	4
2515	7
2516	8
2517	4
2518	5
2519	7
2520	5
2521	8
2522	4
2523	5
2524	7
2525	7
2526	4
2527	7
2528	4
2529	5
2530	8
2531	10
2532	9
2533	3
2534	8
2535	3
2536	1
2537	8
2538	2
2539	3
2540	3
2541	4
2542	6
2543	9
2544	7
2545	5
2546	9
2547	7
2548	4
2549	8
2550	9
2551	3
2552	1
2553	5
2554	4
2555	6
2556	5
2557	5
2558	6
2559	7
2560	4
2561	3
2562	8
2563	4
2564	2
2565	5
2566	1
2567	4
2568	4
2569	7
2570	6
2571	5
2572	6
2573	4
2574	4
2575	4
2576	5
2577	3
2578	5
2579	6
2580	7
2581	8
2582	9
2583	5
2584	5
2585	8
2586	2
2587	5
2588	4
2589	8
2590	6
2591	3
2592	7
2593	6
2594	5
2595	7
2596	5
2597	8
2598	6
2599	0
2600	6
2601	3
2602	3
2603	9
2604	7
2605	5
2606	6
2607	4
2608	5
2609	4
2610	6
2611	2
2612	7
2613	5
2614	3
2615	4
2616	6
2617	2
2618	3
2619	1
2620	4
2621	6
2622	4
2623	5
2624	4
2625	3
2626	6
2627	6
2628	8
2629	8
2630	4
2631	8
2632	8
2633	2
2634	4
2635	3
2636	5
2637	3
2638	4
2639	5
2640	6
2641	3
2642	2
2643	7
2644	5
2645	3
2646	4
2647	3
2648	7
2649	4
2650	4
2651	2
2652	3
2653	6
2654	1
2655	2
2656	6
2657	7
2658	4
2659	5
2660	7
2661	6
2662	5
2663	4
2664	11
2665	3
2666	2
2667	6
2668	3
2669	6
2670	4
2671	2
2672	5
2673	8
2674	1
2675	3
2676	4
2677	9
2678	5
2679	3
2680	3
2681	9
2682	1
2683	6
2684	1
2685	5
2686	2
2687	1
2688	5
2689	3
2690	6
2691	8
2692	4
2693	3
2694	5
2695	3
2696	2
2697	8
2698	5
2699	6
2700	5
2701	6
2702	1
2703	3
2704	3
2705	5
2706	6
2707	5
2708	2
2709	5
2710	6
2711	4
2712	3
2713	5
2714	3
2715	5
2716	5
2717	2
2718	3
2719	9
2720	4
2721	5
2722	3
2723	2
2724	1
2725	8
2726	5
2727	5
2728	2
2729	2
2730	2
2731	7
2732	6
2733	1
2734	5
2735	7
2736	9
2737	5
2738	5
2739	4
2740	3
2741	3
2742	2
2743	8
2744	5
2745	2
2746	8
2747	5
2748	2
2749	5
2750	6
2751	4
2752	5
2753	3
2754	2
2755	7
2756	5
2757	4
2758	6
2759	5
2760	6
2761	4
2762	6
2763	5
2764	3
2765	7
2766	8
2767	4
2768	5
2769	6
2770	5
2771	2
2772	4
2773	6
2774	8
2775	5
2776	4
2777	4
2778	6
2779	4
2780	4
2781	3
2782	3
2783	8
2784	5
2785	2
2786	7
2787	3
2788	8
2789	8
2790	3
2791	8
2792	7
2793	2
2794	5
2795	5
2796	4
2797	8
2798	6
2799	6
2800	5
2801	4
2802	5
2803	6
2804	7
2805	4
2806	5
2807	8
2808	3
2809	10
2810	4
2811	7
2812	5
2813	7
2814	5
2815	5
2816	9
2817	6
2818	4
2819	7
2820	5
2821	5
2822	5
2823	9
2824	9
2825	5
2826	7
2827	5
2828	7
2829	2
2830	6
2831	7
2832	3
2833	3
2834	5
2835	4
2836	3
2837	5
2838	9
2839	4
2840	8
2841	11
2842	10
2843	8
2844	3
2845	4
2846	7
2847	4
2848	4
2849	9
2850	6
2851	7
2852	4
2853	8
2854	4
2855	6
2856	5
2857	8
2858	7
2859	2
2860	3
2861	8
2862	6
2863	12
2864	3
2865	3
2866	7
2867	3
2868	6
2869	3
2870	6
2871	5
2872	7
2873	2
2874	2
2875	6
2876	8
2877	3
2878	2
2879	7
2880	5
2881	2
2882	8
2883	1
2884	3
2885	6
2886	4
2887	11
2888	6
2889	6
2890	5
2891	3
2892	4
2893	6
2894	8
2895	4
2896	3
2897	6
2898	3
2899	5
2900	6
2901	8
2902	4
2903	8
2904	2
2905	5
2906	5
2907	3
2908	2
2909	4
2910	5
2911	4
2912	5
2913	4
2914	6
2915	3
2916	4
2917	1
2918	5
2919	4
2920	13
2921	7
2922	7
2923	4
2924	3
2925	3
2926	7
2927	3
2928	6
2929	6
2930	5
2931	7
2932	5
2933	8
2934	6
2935	1
2936	6
2937	3
2938	8
2939	4
2940	8
2941	5
2942	4
2943	10
2944	3
2945	6
2946	4
2947	3
2948	5
2949	7
2950	5
2951	5
2952	3
2953	7
2954	5
2955	3
2956	6
2957	4
2958	5
2959	7
2960	6
2961	4
2962	5
2963	8
2964	6
2965	5
2966	4
2967	2
2968	7
2969	4
2970	6
2971	5
2972	3
2973	2
2974	3
2975	3
2976	6
2977	1
2978	1
2979	4
2980	6
2981	9
2982	8
2983	7
2984	7
2985	5
2986	7
2987	6
2988	7
2989	5
2990	3
2991	3
2992	3
2993	7
2994	5
2995	3
2996	3
2997	6
2998	2
2999	3
3000	4
3001	4
3002	3
3003	3
3004	4
3005	7
3006	2
3007	5
3008	4
3009	3
3010	3
3011	0
3012	4
3013	3
3014	6
3015	4
3016	6
3017	4
3018	4
3019	1
3020	2
3021	6
3022	8
3023	0
3024	6
3025	3
3026	4
3027	2
3028	1
3029	6
3030	3
3031	4
3032	2
3033	2
3034	6
3035	5
3036	3
3037	9
3038	3
3039	4
3040	3
3041	5
3042	7
3043	3
3044	0
3045	2
3046	3
3047	4
3048	2
3049	4
3050	0
3051	7
3052	5
3053	1
3054	1
3055	2
3056	0
3057	5
3058	4
3059	3
3060	5
3061	3
3062	7
3063	2
3064	1
3065	1
3066	4
3067	2
3068	5
3069	3
3070	4
3071	3
3072	4
3073	4
3074	2
3075	0
3076	2
3077	2
3078	2
3079	5
3080	5
3081	4
3082	4
3083	3
3084	5
3085	2
3086	2
3087	6
3088	5
3089	0
3090	4
3091	3
3092	6
3093	4
3094	2
3095	2
3096	4
3097	7
3098	1
3099	5
3100	3
3101	1
3102	2
3103	3
3104	3
3105	3
3106	6
3107	3
3108	1
3109	5
3110	3
3111	2
3112	4
3113	0
3114	3
3115	1
3116	1
3117	6
3118	3
3119	3
3120	8
3121	0
3122	3
3123	4
3124	1
3125	3
3126	3
3127	1
3128	3
3129	4
3130	3
3131	2
3132	0
3133	1
3134	3
3135	5
3136	3
3137	5
3138	4
3139	3
3140	5
3141	7
3142	2
3143	2
3144	2
3145	3
3146	1
3147	1
3148	3
3149	3
3150	6
3151	6
3152	3
3153	5
3154	3
3155	2
3156	3
3157	1
3158	3
3159	1
3160	3
3161	2
3162	3
3163	2
3164	2
3165	2
3166	0
3167	0
3168	2
3169	2
3170	3
3171	3
3172	1
3173	2
3174	3
3175	0
3176	3
3177	6
3178	2
3179	2
3180	3
3181	6
3182	4
3183	2
3184	2
3185	3
3186	5
3187	1
3188	3
3189	1
3190	4
3191	3
3192	1
3193	3
3194	4
3195	5
3196	2
3197	1
3198	6
3199	3
3200	4
3201	3
3202	5
3203	1
3204	1
3205	2
3206	3
3207	1
3208	7
3209	1
3210	3
3211	3
3212	1
3213	2
3214	1
3215	4
3216	1
3217	5
3218	4
3219	3
3220	3
3221	2
3222	4
3223	7
3224	3
3225	4
3226	3
3227	2
3228	1
3229	1
3230	4
3231	3
3232	1
3233	1
3234	1
3235	3
3236	4
3237	1
3238	6
3239	5
3240	2
3241	0
3242	3
3243	2
3244	3
3245	2
3246	2
3247	0
3248	3
3249	6
3250	5
3251	1
3252	4
3253	4
3254	5
3255	1
3256	4
3257	3
3258	1
3259	1
3260	5
3261	3
3262	3
3263	4
3264	2
3265	9
3266	5
3267	2
3268	5
3269	5
3270	1
3271	2
3272	5
3273	4
3274	4
3275	4
3276	2
3277	2
3278	3
3279	4
3280	4
3281	4
3282	1
3283	2
3284	3
3285	5
3286	5
3287	1
3288	4
3289	2
3290	1
3291	3
3292	2
3293	1
3294	1
3295	1
3296	3
3297	1
3298	5
3299	2
3300	4
3301	2
3302	1
3303	5
3304	3
3305	6
3306	5
3307	5
3308	4
3309	4
3310	5
3311	6
3312	2
3313	3
3314	1
3315	4
3316	3
3317	0
3318	1
3319	2
3320	1
3321	5
3322	5
3323	3
3324	8
3325	3
3326	4
3327	5
3328	2
3329	1
3330	3
3331	3
3332	4
3333	5
3334	4
3335	3
3336	3
3337	2
3338	2
3339	5
3340	3
3341	2
3342	7
3343	2
3344	0
3345	2
3346	4
3347	2
3348	3
3349	4
3350	4
3351	6
3352	7
3353	6
3354	2
3355	4
3356	4
3357	4
3358	3
3359	3
3360	2
3361	2
3362	2
3363	2
3364	3
3365	2
3366	4
3367	3
3368	3
3369	5
3370	1
3371	1
3372	5
3373	2
3374	4
3375	4
3376	3
3377	3
3378	3
3379	3
3380	0
3381	3
3382	3
3383	6
3384	1
3385	6
3386	3
3387	0
3388	2
3389	4
3390	2
3391	3
3392	6
3393	3
3394	2
3395	3
3396	1
3397	5
3398	2
3399	1
3400	3
3401	1
3402	3
3403	4
3404	3
3405	2
3406	2
3407	3
3408	0
3409	5
3410	4
3411	2
3412	2
3413	1
3414	2
3415	5
3416	4
3417	3
3418	4
3419	3
3420	2
3421	6
3422	1
3423	3
3424	2
3425	3
3426	3
3427	2
3428	1
3429	2
3430	2
3431	3
3432	1
3433	1
3434	3
3435	1
3436	3
3437	3
3438	1
3439	1
3440	6
3441	4
3442	6
3443	0
3444	2
3445	0
3446	4
3447	3
3448	2
3449	3
3450	3
3451	2
3452	0
3453	2
3454	1
3455	3
3456	1
3457	3
3458	3
3459	3
3460	7
3461	6
3462	3
3463	2
3464	0
3465	4
3466	1
3467	5
3468	3
3469	3
3470	4
3471	2
3472	3
3473	1
3474	2
3475	3
3476	3
3477	2
3478	3
3479	3
3480	3
3481	1
3482	1
3483	3
3484	2
3485	4
3486	3
3487	2
3488	2
3489	2
3490	3
3491	0
3492	1
3493	3
3494	4
3495	2
3496	5
3497	1
3498	5
3499	4
3500	1
3501	1
3502	10
3503	1
3504	1
3505	1
3506	2
3507	0
3508	4
3509	1
3510	1
3511	2
3512	4
3513	2
3514	2
3515	3
3516	1
3517	3
3518	2
3519	2
3520	6
3521	1
3522	2
3523	3
3524	4
3525	5
3526	2
3527	5
3528	1
3529	3
3530	2
3531	4
3532	3
3533	4
3534	1
3535	5
3536	1
3537	3
3538	3
3539	2
3540	3
3541	1
3542	2
3543	2
3544	2
3545	4
3546	4
3547	5
3548	2
3549	2
3550	1
3551	5
3552	1
3553	1
3554	1
3555	5
3556	1
3557	3
3558	3
3559	0
3560	1
3561	3
3562	3
3563	1
3564	4
3565	2
3566	3
3567	2
3568	1
3569	3
3570	0
3571	3
3572	1
3573	4
3574	2
3575	1
3576	4
3577	3
3578	4
3579	0
3580	1
3581	1
3582	1
3583	3
3584	1
3585	2
3586	1
3587	3
3588	4
3589	1
3590	1
3591	1
3592	5
3593	2
3594	3
3595	2
3596	4
3597	4
3598	4
3599	2
3600	3
3601	4
3602	3
3603	1
3604	1
3605	2
3606	6
3607	3
3608	1
3609	1
3610	2
3611	4
3612	0
3613	5
3614	4
3615	5
3616	5
3617	0
3618	2
3619	2
3620	3
3621	1
3622	2
3623	1
3624	2
3625	3
3626	1
3627	3
3628	1
3629	1
3630	5
3631	1
3632	2
3633	0
3634	1
3635	4
3636	4
3637	1
3638	1
3639	1
3640	2
3641	1
3642	1
3643	3
3644	3
3645	0
3646	2
3647	1
3648	3
3649	0
3650	1
3651	4
3652	1
3653	0
3654	1
3655	2
3656	3
3657	2
3658	0
3659	1
3660	1
3661	1
3662	0
3663	0
3664	2
3665	1
3666	0
3667	3
3668	2
3669	4
3670	2
3671	3
3672	4
3673	1
3674	3
3675	4
3676	2
3677	2
3678	2
3679	1
3680	1
3681	2
3682	3
3683	3
3684	1
3685	3
3686	3
3687	1
3688	2
3689	2
3690	1
3691	0
3692	6
3693	0
3694	3
3695	3
3696	2
3697	2
3698	2
3699	2
3700	2
3701	1
3702	2
3703	1
3704	4
3705	1
3706	1
3707	5
3708	1
3709	1
3710	4
3711	0
3712	1
3713	2
3714	0
3715	2
3716	1
3717	7
3718	3
3719	2
3720	0
3721	2
3722	3
3723	2
3724	1
3725	1
3726	2
3727	4
3728	4
3729	3
3730	4
3731	2
3732	0
3733	2
3734	0
3735	2
3736	2
3737	2
3738	1
3739	2
3740	2
3741	3
3742	2
3743	3
3744	2
3745	0
3746	1
3747	1
3748	0
3749	1
3750	3
3751	0
3752	0
3753	2
3754	1
3755	1
3756	1
3757	2
3758	2
3759	0
3760	1
3761	0
3762	0
3763	1
3764	2
3765	1
3766	1
3767	2
3768	0
3769	2
3770	1
3771	0
3772	2
3773	4
3774	3
3775	1
3776	0
3777	1
3778	4
3779	1
3780	0
3781	0
3782	2
3783	1
3784	0
3785	1
3786	2
3787	2
3788	1
3789	0
3790	2
3791	2
3792	3
3793	2
3794	3
3795	1
3796	0
3797	2
3798	5
3799	3
3800	0
3801	0
3802	1
3803	3
3804	3
3805	1
3806	1
3807	1
3808	2
3809	1
3810	0
3811	3
3812	1
3813	1
3814	4
3815	0
3816	2
3817	3
3818	3
3819	1
3820	1
3821	3
3822	1
3823	1
3824	1
3825	2
3826	3
3827	0
3828	2
3829	1
3830	1
3831	3
3832	0
3833	2
3834	2
3835	1
3836	0
3837	2
3838	1
3839	1
3840	2
3841	1
3842	4
3843	1
3844	1
3845	2
3846	2
3847	3
3848	1
3849	5
3850	1
3851	2
3852	2
3853	2
3854	1
3855	5
3856	1
3857	2
3858	2
3859	2
3860	0
3861	3
3862	4
3863	1
3864	0
3865	2
3866	1
3867	3
3868	3
3869	2
3870	0
3871	3
3872	1
3873	4
3874	1
3875	3
3876	0
3877	4
3878	3
3879	3
3880	1
3881	2
3882	3
3883	0
3884	1
3885	2
3886	2
3887	1
3888	3
3889	1
3890	0
3891	2
3892	2
3893	2
3894	4
3895	3
3896	1
3897	1
3898	1
3899	2
3900	3
3901	1
3902	1
3903	3
3904	4
3905	1
3906	1
3907	3
3908	1
3909	1
3910	1
3911	2
3912	4
3913	1
3914	1
3915	2
3916	3
3917	4
3918	2
3919	0
3920	0
3921	3
3922	1
3923	2
3924	0
3925	3
3926	5
3927	5
3928	0
3929	0
3930	2
3931	0
3932	3
3933	1
3934	1
3935	3
3936	2
3937	0
3938	1
3939	3
3940	0
3941	0
3942	2
3943	3
3944	5
3945	4
3946	1
3947	4
3948	3
3949	1
3950	2
3951	4
3952	3
3953	6
3954	1
3955	2
3956	2
3957	1
3958	1
3959	1
3960	2
3961	2
3962	1
3963	5
3964	4
3965	3
3966	6
3967	2
3968	3
3969	3
3970	2
3971	2
3972	2
3973	1
3974	4
3975	4
3976	3
3977	5
3978	4
3979	5
3980	2
3981	1
3982	1
3983	0
3984	3
3985	0
3986	6
3987	3
3988	3
3989	1
3990	5
3991	4
3992	0
3993	3
3994	5
3995	4
3996	0
3997	3
3998	6
3999	1
4000	6
4001	4
4002	5
4003	2
4004	1
4005	3
4006	4
4007	3
4008	3
4009	1
4010	1
4011	5
4012	4
4013	5
4014	5
4015	2
4016	4
4017	1
4018	7
4019	3
4020	4
4021	4
4022	3
4023	5
4024	0
4025	5
4026	4
4027	3
4028	3
4029	5
4030	2
4031	1
4032	1
4033	0
4034	6
4035	3
4036	2
4037	2
4038	4
4039	1
4040	1
4041	7
4042	5
4043	4
4044	2
4045	3
4046	3
4047	3
4048	2
4049	1
4050	1
4051	4
4052	8
4053	4
4054	3
4055	6
4056	5
4057	3
4058	3
4059	2
4060	3
4061	2
4062	5
4063	3
4064	2
4065	5
4066	5
4067	6
4068	6
4069	4
4070	5
4071	2
4072	2
4073	5
4074	4
4075	3
4076	2
4077	4
4078	3
4079	2
4080	1
4081	4
4082	3
4083	4
4084	2
4085	3
4086	1
4087	4
4088	3
4089	5
4090	4
4091	4
4092	2
4093	6
4094	6
4095	3
4096	4
4097	4
4098	3
4099	2
4100	3
4101	5
4102	6
4103	4
4104	7
4105	2
4106	4
4107	5
4108	2
4109	1
4110	1
4111	5
4112	5
4113	3
4114	6
4115	4
4116	1
4117	3
4118	1
4119	4
4120	5
4121	6
4122	4
4123	8
4124	4
4125	6
4126	2
4127	9
4128	7
4129	6
4130	7
4131	7
4132	6
4133	2
4134	8
4135	7
4136	4
4137	8
4138	4
4139	4
4140	2
4141	8
4142	4
4143	6
4144	5
4145	2
4146	4
4147	3
4148	6
4149	0
4150	4
4151	3
4152	6
4153	4
4154	4
4155	5
4156	7
4157	6
4158	10
4159	7
4160	5
4161	4
4162	2
4163	6
4164	7
4165	1
4166	5
4167	5
4168	6
4169	4
4170	5
4171	2
4172	6
4173	1
4174	4
4175	3
4176	6
4177	7
4178	2
4179	8
4180	9
4181	5
4182	10
4183	5
4184	3
4185	3
4186	4
4187	9
4188	7
4189	4
4190	3
4191	8
4192	5
4193	8
4194	5
4195	5
4196	5
4197	6
4198	1
4199	3
4200	7
4201	7
4202	4
4203	5
4204	5
4205	6
4206	7
4207	1
4208	6
4209	5
4210	1
4211	6
4212	5
4213	1
4214	2
4215	6
4216	3
4217	4
4218	5
4219	4
4220	7
4221	3
4222	1
4223	11
4224	8
4225	4
4226	3
4227	2
4228	4
4229	3
4230	6
4231	3
4232	6
4233	6
4234	1
4235	3
4236	5
4237	2
4238	4
4239	1
4240	4
4241	3
4242	5
4243	6
4244	2
4245	2
4246	4
4247	2
4248	6
4249	3
4250	5
4251	5
4252	4
4253	4
4254	3
4255	6
4256	4
4257	3
4258	3
4259	4
4260	2
4261	1
4262	2
4263	4
4264	3
4265	3
4266	3
4267	4
4268	3
4269	5
4270	1
4271	9
4272	4
4273	7
4274	8
4275	8
4276	4
4277	2
4278	3
4279	4
4280	4
4281	3
4282	4
4283	2
4284	1
4285	3
4286	6
4287	2
4288	2
4289	5
4290	1
4291	5
4292	4
4293	4
4294	3
4295	0
4296	1
4297	0
4298	1
4299	4
4300	0
4301	3
4302	3
4303	5
4304	0
4305	3
4306	2
4307	2
4308	2
4309	3
4310	2
4311	2
4312	3
4313	4
4314	0
4315	2
4316	6
4317	6
4318	3
4319	2
4320	2
4321	1
4322	0
4323	5
4324	2
4325	3
4326	1
4327	0
4328	1
4329	2
4330	1
4331	3
4332	2
4333	1
4334	2
4335	0
4336	1
4337	1
4338	0
4339	0
4340	0
4341	0
4342	0
4343	1
4344	1
4345	2
4346	3
4347	4
4348	3
4349	6
4350	2
4351	1
4352	2
4353	1
4354	2
4355	1
4356	1
4357	0
4358	0
4359	1
4360	1
4361	2
4362	1
4363	2
4364	1
4365	1
4366	3
4367	4
4368	3
4369	2
4370	0
4371	4
4372	0
4373	4
4374	1
4375	0
4376	3
4377	2
4378	0
4379	0
4380	2
4381	0
4382	1
4383	0
4384	0
4385	2
4386	2
4387	1
4388	0
4389	1
4390	1
4391	0
4392	0
4393	2
4394	1
4395	3
4396	0
4397	0
4398	0
4399	1
4400	1
4401	1
4402	0
4403	1
4404	1
4405	0
4406	1
4407	2
4408	1
4409	1
4410	0
4411	1
4412	2
4413	0
4414	1
4415	3
4416	2
4417	2
4418	0
4419	3
4420	0
4421	1
4422	0
4423	2
4424	0
4425	1
4426	1
4427	0
4428	0
4429	1
4430	1
4431	1
4432	1
4433	0
4434	2
4435	2
4436	0
4437	1
4438	1
4439	0
4440	1
4441	1
4442	0
4443	0
4444	1
4445	2
4446	0
4447	0
4448	1
4449	1
4450	0
4451	0
4452	0
4453	1
4454	0
4455	1
4456	3
4457	0
4458	0
4459	0
4460	1
4461	5
4462	1
4463	1
4464	2
4465	0
4466	1
4467	3
4468	2
4469	0
4470	0
4471	1
4472	2
4473	0
4474	0
4475	0
4476	0
4477	0
4478	0
4479	1
4480	1
4481	0
4482	0
4483	0
4484	1
4485	0
4486	1
4487	1
4488	1
4489	1
4490	0
4491	1
4492	1
4493	1
4494	1
4495	1
4496	0
4497	0
4498	0
4499	1
4500	1
4501	4
4502	2
4503	2
4504	2
4505	1
4506	1
4507	4
4508	1
4509	2
4510	1
4511	0
4512	2
4513	0
4514	2
4515	1
4516	0
4517	1
4518	2
4519	0
4520	2
4521	0
4522	2
4523	1
4524	0
4525	2
4526	2
4527	2
4528	1
4529	1
4530	0
4531	2
4532	1
4533	1
4534	2
4535	1
4536	0
4537	0
4538	0
4539	0
4540	2
4541	2
4542	2
4543	1
4544	0
4545	1
4546	0
4547	1
4548	0
4549	1
4550	2
4551	1
4552	4
4553	1
4554	0
4555	2
4556	2
4557	1
4558	1
4559	0
4560	1
4561	2
4562	1
4563	1
4564	1
4565	1
4566	3
4567	0
4568	1
4569	0
4570	1
4571	0
4572	1
4573	2
4574	0
4575	1
4576	3
4577	0
4578	0
4579	0
4580	0
4581	1
4582	1
4583	0
4584	0
4585	2
4586	0
4587	0
4588	2
4589	0
4590	1
4591	1
4592	1
4593	1
4594	2
4595	0
4596	2
4597	1
4598	1
4599	1
4600	1
4601	0
4602	2
4603	2
4604	2
4605	0
4606	0
4607	2
4608	3
4609	1
4610	1
4611	1
4612	0
4613	0
4614	1
4615	0
4616	0
4617	0
4618	0
4619	0
4620	2
4621	0
4622	1
4623	1
4624	1
4625	0
4626	0
4627	1
4628	2
4629	0
4630	1
4631	0
4632	2
4633	1
4634	0
4635	2
4636	4
4637	1
4638	1
4639	0
4640	2
4641	1
4642	2
4643	1
4644	0
4645	2
4646	2
4647	0
4648	1
4649	0
4650	2
4651	0
4652	0
4653	1
4654	0
4655	1
4656	0
4657	1
4658	2
4659	0
4660	1
4661	1
4662	0
4663	2
4664	3
4665	1
4666	1
4667	2
4668	0
4669	2
4670	2
4671	1
4672	1
4673	1
4674	1
4675	1
4676	3
4677	1
4678	0
4679	1
4680	0
4681	0
4682	1
4683	0
4684	0
4685	0
4686	2
4687	0
4688	0
4689	1
4690	1
4691	0
4692	3
4693	0
4694	1
4695	0
4696	1
4697	1
4698	0
4699	1
4700	1
4701	1
4702	2
4703	0
4704	0
4705	1
4706	1
4707	2
4708	2
4709	0
4710	3
4711	1
4712	1
4713	1
4714	1
4715	0
4716	0
4717	0
4718	1
4719	1
4720	1
4721	1
4722	0
4723	2
4724	0
4725	3
4726	1
4727	1
4728	1
4729	0
4730	0
4731	1
4732	4
4733	1
4734	0
4735	1
4736	1
4737	0
4738	1
4739	0
4740	3
4741	0
4742	1
4743	0
4744	0
4745	2
4746	0
4747	2
4748	0
4749	0
4750	0
4751	1
4752	1
4753	3
4754	0
4755	2
4756	1
4757	0
4758	0
4759	1
4760	1
4761	0
4762	0
4763	2
4764	0
4765	1
4766	2
4767	3
4768	2
4769	2
4770	1
4771	0
4772	0
4773	1
4774	1
4775	1
4776	3
4777	3
4778	1
4779	1
4780	0
4781	0
4782	3
4783	1
4784	0
4785	1
4786	1
4787	0
4788	1
4789	1
4790	0
4791	0
4792	1
4793	0
4794	1
4795	0
4796	0
4797	0
4798	0
4799	0
4800	0
4801	1
4802	0
4803	2
4804	0
4805	1
4806	1
4807	0
4808	0
4809	3
4810	3
4811	1
4812	1
4813	1
4814	2
4815	0
4816	0
4817	1
4818	2
4819	0
4820	2
4821	0
4822	2
4823	0
4824	0
4825	1
4826	2
4827	2
4828	1
4829	0
4830	1
4831	0
4832	1
4833	2
4834	0
4835	0
4836	1
4837	3
4838	4
4839	0
4840	1
4841	2
4842	0
4843	1
4844	0
4845	2
4846	1
4847	1
4848	0
4849	1
4850	1
4851	0
4852	1
4853	0
4854	0
4855	2
4856	1
4857	2
4858	1
4859	0
4860	0
4861	1
4862	1
4863	2
4864	1
4865	0
4866	3
4867	2
4868	1
4869	2
4870	2
4871	3
4872	2
4873	0
4874	2
4875	2
4876	1
4877	2
4878	2
4879	0
4880	1
4881	0
4882	1
4883	2
4884	1
4885	0
4886	0
4887	2
4888	0
4889	1
4890	1
4891	0
4892	0
4893	2
4894	1
4895	3
4896	1
4897	1
4898	0
4899	0
4900	0
4901	1
4902	3
4903	0
4904	1
4905	1
4906	2
4907	0
4908	0
4909	2
4910	2
4911	0
4912	2
4913	2
4914	5
4915	0
4916	0
4917	1
4918	1
4919	2
4920	0
4921	1
4922	2
4923	0
4924	0
4925	1
4926	1
4927	0
4928	0
4929	2
4930	0
4931	0
4932	0
4933	1
4934	0
4935	1
4936	1
4937	1
4938	1
4939	4
4940	0
4941	0
4942	1
4943	1
4944	0
4945	1
4946	4
4947	1
4948	0
4949	2
4950	2
4951	0
4952	1
4953	2
4954	0
4955	0
4956	1
4957	2
4958	0
4959	0
4960	2
4961	0
4962	2
4963	0
4964	0
4965	0
4966	2
4967	0
4968	1
4969	1
4970	2
4971	2
4972	1
4973	2
4974	0
4975	1
4976	0
4977	1
4978	1
4979	1
4980	1
4981	1
4982	1
4983	1
4984	0
4985	0
4986	2
4987	1
4988	2
4989	0
4990	2
4991	1
4992	0
4993	0
4994	0
4995	3
4996	1
4997	2
4998	4
4999	0
5000	1
5001	0
5002	1
5003	0
5004	1
5005	1
5006	1
5007	0
5008	0
5009	0
5010	1
5011	1
5012	2
5013	0
5014	1
5015	0
5016	1
5017	0
5018	1
5019	2
5020	0
5021	2
5022	1
5023	2
5024	2
5025	1
5026	1
5027	2
5028	1
5029	2
5030	0
5031	0
5032	0
5033	2
5034	0
5035	0
5036	5
5037	2
5038	2
5039	1
5040	0
5041	1
5042	0
5043	0
5044	0
5045	1
5046	4
5047	2
5048	1
5049	2
5050	0
5051	2
5052	1
5053	0
5054	0
5055	0
5056	0
5057	1
5058	0
5059	1
5060	0
5061	0
5062	4
5063	0
5064	1
5065	0
5066	3
5067	1
5068	1
5069	1
5070	0
5071	1
5072	0
5073	0
5074	0
5075	0
5076	0
5077	0
5078	0
5079	0
5080	0
5081	0
5082	0
5083	2
5084	1
5085	2
5086	0
5087	1
5088	0
5089	1
5090	0
5091	0
5092	0
5093	0
5094	0
5095	1
5096	0
5097	0
5098	2
5099	0
5100	0
5101	1
5102	0
5103	0
5104	0
5105	1
5106	0
5107	0
5108	2
5109	0
5110	1
5111	1
5112	2
5113	0
5114	1
5115	1
5116	0
5117	0
5118	2
5119	0
5120	0
5121	0
5122	0
5123	0
5124	0
5125	1
5126	0
5127	2
5128	0
5129	1
5130	0
5131	1
5132	1
5133	1
5134	1
5135	0
5136	0
5137	0
5138	1
5139	0
5140	1
5141	1
5142	3
5143	0
5144	0
5145	0
5146	1
5147	0
5148	0
5149	1
5150	0
5151	0
5152	0
5153	0
5154	2
5155	0
5156	0
5157	0
5158	0
5159	0
5160	1
5161	0
5162	0
5163	1
5164	0
5165	0
5166	1
5167	0
5168	0
5169	0
5170	0
5171	0
5172	0
5173	0
5174	0
5175	0
5176	0
5177	1
5178	1
5179	0
5180	1
5181	2
5182	0
5183	0
5184	1
5185	1
5186	1
5187	1
5188	1
5189	0
5190	1
5191	2
5192	0
5193	1
5194	0
5195	1
5196	0
5197	0
5198	1
5199	0
5200	1
5201	1
5202	0
5203	0
5204	0
5205	0
5206	0
5207	1
5208	1
5209	1
5210	0
5211	0
5212	0
5213	1
5214	1
5215	0
5216	0
5217	0
5218	0
5219	0
5220	1
5221	0
5222	1
5223	1
5224	1
5225	0
5226	2
5227	2
5228	0
5229	1
5230	0
5231	0
5232	1
5233	1
5234	1
5235	0
5236	0
5237	0
5238	1
5239	1
5240	0
5241	0
5242	0
5243	1
5244	0
5245	0
5246	0
5247	1
5248	0
5249	0
5250	1
5251	0
5252	1
5253	0
5254	0
5255	1
5256	0
5257	0
5258	0
5259	0
5260	0
5261	1
5262	1
5263	2
5264	0
5265	0
5266	0
5267	1
5268	0
5269	0
5270	0
5271	0
5272	0
5273	0
5274	1
5275	0
5276	0
5277	1
5278	1
5279	0
5280	1
5281	1
5282	0
5283	1
5284	1
5285	1
5286	0
5287	0
5288	1
5289	0
5290	0
5291	1
5292	0
5293	0
5294	2
5295	1
5296	0
5297	0
5298	1
5299	1
5300	1
5301	0
5302	0
5303	1
5304	0
5305	0
5306	2
5307	0
5308	0
5309	0
5310	0
5311	0
5312	0
5313	1
5314	0
5315	1
5316	0
5317	0
5318	1
5319	0
5320	0
5321	0
5322	1
5323	0
5324	0
5325	0
5326	0
5327	1
5328	0
5329	1
5330	0
5331	0
5332	0
5333	0
5334	0
5335	0
5336	1
5337	0
5338	1
5339	1
5340	2
5341	3
5342	0
5343	1
5344	1
5345	1
5346	0
5347	0
5348	1
5349	1
5350	0
5351	0
5352	1
5353	1
5354	1
5355	0
5356	0
5357	0
5358	1
5359	0
5360	0
5361	0
5362	0
5363	0
5364	0
5365	0
5366	0
5367	0
5368	0
5369	0
5370	0
5371	1
5372	0
5373	0
5374	0
5375	0
5376	1
5377	0
5378	0
5379	0
5380	1
5381	0
5382	0
5383	1
5384	0
5385	1
5386	0
5387	2
5388	0
5389	1
5390	4
5391	0
5392	0
5393	1
5394	1
5395	1
5396	0
5397	0
5398	0
5399	1
5400	1
5401	0
5402	0
5403	1
5404	1
5405	0
5406	1
5407	0
5408	0
5409	1
5410	1
5411	2
5412	0
5413	1
5414	2
5415	0
5416	0
5417	0
5418	0
5419	1
5420	0
5421	0
5422	0
5423	0
5424	0
5425	1
5426	1
5427	0
5428	2
5429	0
5430	2
5431	0
5432	0
5433	1
5434	1
5435	1
5436	0
5437	0
5438	0
5439	0
5440	0
5441	1
5442	0
5443	0
5444	0
5445	0
5446	1
5447	0
5448	1
5449	0
5450	0
5451	0
5452	1
5453	0
5454	1
5455	0
5456	0
5457	1
5458	1
5459	0
5460	0
5461	0
5462	1
5463	0
5464	0
5465	0
5466	0
5467	0
5468	0
5469	0
5470	1
5471	0
5472	2
5473	0
5474	0
5475	0
5476	1
5477	0
5478	1
5479	1
5480	0
5481	0
5482	0
5483	0
5484	1
5485	0
5486	0
5487	0
5488	0
5489	2
5490	0
5491	0
5492	0
5493	0
5494	0
5495	1
5496	0
5497	0
5498	0
5499	0
5500	0
5501	1
5502	1
5503	0
5504	1
5505	0
5506	0
5507	1
5508	1
5509	1
5510	0
5511	0
5512	0
5513	0
5514	1
5515	0
5516	2
5517	0
5518	1
5519	0
5520	2
5521	0
5522	0
5523	1
5524	1
5525	1
5526	0
5527	0
5528	0
5529	0
5530	0
5531	0
5532	1
5533	0
5534	1
5535	0
5536	0
5537	0
5538	0
5539	0
5540	0
5541	0
5542	0
5543	1
5544	0
5545	1
5546	2
5547	0
5548	0
5549	1
5550	0
5551	0
5552	0
5553	0
5554	1
5555	0
5556	1
5557	0
5558	1
5559	0
5560	0
5561	0
5562	0
5563	0
5564	1
5565	1
5566	1
5567	0
5568	0
5569	0
5570	0
5571	1
5572	2
5573	0
5574	0
5575	2
5576	0
5577	1
5578	0
5579	1
5580	1
5581	1
5582	1
5583	2
5584	2
5585	1
5586	1
5587	1
5588	1
5589	0
5590	0
5591	0
5592	0
5593	2
5594	1
5595	0
5596	1
5597	0
5598	0
5599	2
5600	0
5601	0
5602	1
5603	2
5604	0
5605	0
5606	0
5607	1
5608	0
5609	1
5610	1
5611	0
5612	0
5613	0
5614	0
5615	0
5616	1
5617	1
5618	0
5619	0
5620	1
5621	0
5622	0
5623	1
5624	0
5625	1
5626	0
5627	1
5628	0
5629	0
5630	0
5631	0
5632	1
5633	1
5634	1
5635	1
5636	0
5637	0
5638	3
5639	1
5640	1
5641	0
5642	1
5643	0
5644	0
5645	2
5646	1
5647	1
5648	1
5649	0
5650	1
5651	0
5652	1
5653	1
5654	1
5655	0
5656	0
5657	0
5658	1
5659	3
5660	0
5661	0
5662	1
5663	0
5664	1
5665	1
5666	0
5667	1
5668	0
5669	1
5670	1
5671	1
5672	1
5673	0
5674	1
5675	3
5676	0
5677	1
5678	2
5679	0
5680	1
5681	0
5682	1
5683	0
5684	0
5685	0
5686	1
5687	1
5688	0
5689	0
5690	0
5691	0
5692	0
5693	0
5694	2
5695	0
5696	2
5697	1
5698	1
5699	2
5700	0
5701	0
5702	1
5703	1
5704	0
5705	2
5706	0
5707	0
5708	0
5709	0
5710	0
5711	0
5712	1
5713	0
5714	1
5715	0
5716	1
5717	0
5718	2
5719	1
5720	0
5721	0
5722	0
5723	0
5724	0
5725	0
5726	1
5727	1
5728	1
5729	2
5730	1
5731	0
5732	0
5733	2
5734	0
5735	1
5736	0
5737	0
5738	0
5739	1
5740	0
5741	0
5742	2
5743	1
5744	0
5745	0
5746	0
5747	0
5748	0
5749	1
5750	0
5751	1
5752	2
5753	0
5754	0
5755	1
5756	0
5757	1
5758	2
5759	0
5760	0
5761	2
5762	0
5763	0
5764	0
5765	0
5766	0
5767	0
5768	0
5769	2
5770	1
5771	0
5772	0
5773	1
5774	0
5775	0
5776	2
5777	1
5778	0
5779	2
5780	4
5781	2
5782	0
5783	0
5784	1
5785	0
5786	1
5787	0
5788	0
5789	0
5790	0
5791	1
5792	0
5793	0
5794	0
5795	1
5796	1
5797	0
5798	2
5799	2
5800	0
5801	0
5802	0
5803	2
5804	1
5805	2
5806	1
5807	3
5808	0
5809	0
5810	0
5811	0
5812	0
5813	0
5814	0
5815	1
5816	0
5817	0
5818	1
5819	1
5820	0
5821	0
5822	1
5823	0
5824	1
5825	2
5826	0
5827	0
5828	0
5829	1
5830	0
5831	0
5832	0
5833	0
5834	0
5835	2
5836	1
5837	0
5838	1
5839	0
5840	0
5841	1
5842	1
5843	0
5844	1
5845	0
5846	3
5847	1
5848	1
5849	1
5850	0
5851	1
5852	1
5853	0
5854	1
5855	0
5856	1
5857	1
5858	1
5859	0
5860	0
5861	3
5862	0
5863	0
5864	0
5865	2
5866	0
5867	0
5868	0
5869	0
5870	1
5871	0
5872	1
5873	0
5874	1
5875	0
5876	1
5877	2
5878	1
5879	0
5880	0
5881	0
5882	1
5883	0
5884	0
5885	1
5886	0
5887	0
5888	0
5889	1
5890	1
5891	2
5892	1
5893	1
5894	0
5895	0
5896	2
5897	1
5898	1
5899	2
5900	3
5901	1
5902	0
5903	0
5904	2
5905	0
5906	0
5907	0
5908	0
5909	0
5910	2
5911	1
5912	0
5913	1
5914	0
5915	1
5916	0
5917	0
5918	0
5919	0
5920	0
5921	1
5922	0
5923	0
5924	0
5925	0
5926	1
5927	1
5928	1
5929	0
5930	0
5931	1
5932	0
5933	1
5934	1
5935	3
5936	0
5937	0
5938	1
5939	2
5940	0
5941	0
5942	0
5943	0
5944	1
5945	0
5946	0
5947	0
5948	1
5949	1
5950	1
5951	2
5952	0
5953	2
5954	2
5955	1
5956	0
5957	1
5958	0
5959	0
5960	2
5961	1
5962	0
5963	1
5964	3
5965	1
5966	1
5967	0
5968	0
5969	0
5970	0
5971	0
5972	0
5973	1
5974	0
5975	1
5976	0
5977	0
5978	1
5979	0
5980	0
5981	1
5982	0
5983	1
5984	0
5985	0
5986	1
5987	1
5988	1
5989	1
5990	1
5991	2
5992	0
5993	0
5994	1
5995	1
5996	0
5997	2
5998	0
5999	0
6000	2
6001	0
6002	0
6003	0
6004	2
6005	0
6006	1
6007	0
6008	0
6009	3
6010	2
6011	0
6012	1
6013	2
6014	0
6015	0
6016	0
6017	0
6018	0
6019	3
6020	1
6021	0
6022	0
6023	0
6024	0
6025	0
6026	0
6027	0
6028	1
6029	1
6030	2
6031	2
6032	2
6033	0
6034	3
6035	0
6036	0
6037	0
6038	1
6039	2
6040	0
6041	0
6042	0
6043	1
6044	1
6045	0
6046	0
6047	0
6048	1
6049	0
6050	0
6051	0
6052	1
6053	0
6054	0
6055	1
6056	0
6057	0
6058	1
6059	0
6060	1
6061	0
6062	0
6063	0
6064	0
6065	2
6066	0
6067	0
6068	0
6069	0
6070	0
6071	0
6072	2
6073	1
6074	0
6075	2
6076	1
6077	2
6078	0
6079	1
6080	1
6081	0
6082	0
6083	0
6084	0
6085	0
6086	0
6087	1
6088	1
6089	0
6090	0
6091	0
6092	0
6093	2
6094	0
6095	0
6096	0
6097	1
6098	0
6099	0
6100	0
6101	0
6102	1
6103	0
6104	1
6105	1
6106	0
6107	0
6108	0
6109	0
6110	1
6111	1
6112	0
6113	0
6114	0
6115	0
6116	1
6117	1
6118	0
6119	0
6120	0
6121	0
6122	1
6123	0
6124	0
6125	0
6126	0
6127	0
6128	1
6129	0
6130	0
6131	0
6132	0
6133	0
6134	2
6135	1
6136	0
6137	0
6138	0
6139	0
6140	0
6141	0
6142	1
6143	1
6144	1
6145	0
6146	0
6147	0
6148	0
6149	1
6150	1
6151	0
6152	0
6153	2
6154	0
6155	0
6156	0
6157	0
6158	0
6159	0
6160	0
6161	1
6162	0
6163	0
6164	0
6165	0
6166	0
6167	0
6168	1
6169	0
6170	1
6171	1
6172	0
6173	0
6174	0
6175	0
6176	0
6177	0
6178	0
6179	0
6180	1
6181	0
6182	1
6183	0
6184	2
6185	1
6186	2
6187	1
6188	0
6189	0
6190	0
6191	0
6192	0
6193	0
6194	1
6195	0
6196	0
6197	0
6198	2
6199	0
6200	0
6201	0
6202	0
6203	0
6204	1
6205	1
6206	1
6207	0
6208	0
6209	0
6210	0
6211	1
6212	0
6213	0
6214	0
6215	0
6216	0
6217	1
6218	1
6219	1
6220	0
6221	0
6222	0
6223	0
6224	0
6225	1
6226	0
6227	0
6228	0
6229	0
6230	0
6231	0
6232	0
6233	0
6234	0
6235	0
6236	0
6237	0
6238	0
6239	1
6240	2
6241	0
6242	0
6243	0
6244	0
6245	0
6246	1
6247	0
6248	0
6249	0
6250	0
6251	0
6252	0
6253	0
6254	1
6255	0
6256	0
6257	1
6258	1
6259	0
6260	0
6261	1
6262	0
6263	0
6264	0
6265	0
6266	0
6267	1
6268	1
6269	1
6270	0
6271	2
6272	0
6273	1
6274	0
6275	0
6276	0
6277	0
6278	1
6279	0
6280	1
6281	0
6282	2
6283	3
6284	1
6285	0
6286	0
6287	0
6288	0
6289	1
6290	0
6291	0
6292	0
6293	0
6294	0
6295	0
6296	0
6297	2
6298	0
6299	0
6300	0
6301	1
6302	1
6303	2
6304	0
6305	0
6306	0
6307	1
6308	0
6309	0
6310	0
6311	1
6312	0
6313	0
6314	0
6315	2
6316	0
6317	0
6318	0
6319	0
6320	0
6321	1
6322	0
6323	1
6324	1
6325	1
6326	0
6327	1
6328	0
6329	0
6330	1
6331	0
6332	0
6333	0
6334	0
6335	0
6336	0
6337	0
6338	0
6339	1
6340	1
6341	0
6342	0
6343	0
6344	0
6345	0
6346	0
6347	1
6348	1
6349	0
6350	0
6351	2
6352	0
6353	0
6354	0
6355	0
6356	0
6357	1
6358	0
6359	0
6360	0
6361	0
6362	0
6363	0
6364	0
6365	0
6366	1
6367	0
6368	0
6369	0
6370	0
6371	1
6372	0
6373	0
6374	0
6375	0
6376	0
6377	1
6378	0
6379	0
6380	1
6381	0
6382	0
6383	0
6384	0
6385	0
6386	0
6387	1
6388	0
6389	1
6390	0
6391	0
6392	1
6393	0
6394	0
6395	0
6396	1
6397	0
6398	0
6399	0
6400	0
6401	0
6402	0
6403	0
6404	0
6405	0
6406	0
6407	0
6408	0
6409	0
6410	0
6411	1
6412	0
6413	0
6414	0
6415	0
6416	0
6417	1
6418	1
6419	0
6420	0
6421	1
6422	0
6423	0
6424	0
6425	2
6426	0
6427	0
6428	0
6429	0
6430	0
6431	0
6432	0
6433	0
6434	0
6435	0
6436	0
6437	0
6438	1
6439	0
6440	0
6441	0
6442	0
6443	0
6444	0
6445	0
6446	0
6447	0
6448	0
6449	0
6450	0
6451	1
6452	0
6453	0
6454	0
6455	0
6456	0
6457	0
6458	0
6459	0
6460	0
6461	0
6462	0
6463	0
6464	0
6465	0
6466	0
6467	0
6468	0
6469	0
6470	1
6471	1
6472	1
6473	0
6474	0
6475	0
6476	0
6477	1
6478	0
6479	0
6480	0
6481	0
6482	0
6483	0
6484	0
6485	0
6486	0
6487	0
6488	1
6489	0
6490	0
6491	0
6492	0
6493	0
6494	0
6495	0
6496	0
6497	0
6498	1
6499	1
6500	0
6501	0
6502	0
6503	0
6504	0
6505	0
6506	1
6507	1
6508	0
6509	0
6510	0
6511	0
6512	0
6513	0
6514	2
6515	0
6516	0
6517	0
6518	0
6519	1
6520	0
6521	1
6522	0
6523	0
6524	0
6525	0
6526	0
6527	1
6528	0
6529	1
6530	1
6531	0
6532	1
6533	0
6534	1
6535	0
6536	0
6537	0
6538	0
6539	0
6540	0
6541	1
6542	1
6543	1
6544	0
6545	0
6546	0
6547	0
6548	0
6549	0
6550	1
6551	1
6552	0
6553	0
6554	0
6555	2
6556	0
6557	0
6558	0
6559	1
6560	0
6561	1
6562	0
6563	0
6564	0
6565	1
6566	1
6567	0
6568	0
6569	3
6570	0
6571	0
6572	0
6573	0
6574	0
6575	0
6576	0
6577	1
6578	0
6579	1
6580	0
6581	0
6582	0
6583	0
6584	0
6585	1
6586	0
6587	1
6588	0
6589	0
6590	0
6591	0
6592	0
6593	0
6594	1
6595	0
6596	0
6597	0
6598	1
6599	1
6600	0
6601	1
6602	0
6603	0
6604	1
6605	2
6606	0
6607	0
6608	0
6609	0
6610	0
6611	0
6612	0
6613	1
6614	0
6615	2
6616	1
6617	0
6618	0
6619	1
6620	1
6621	0
6622	0
6623	0
6624	0
6625	0
6626	0
6627	0
6628	0
6629	2
6630	1
6631	0
6632	0
6633	0
6634	0
6635	0
6636	0
6637	0
6638	0
6639	0
6640	0
6641	0
6642	0
6643	0
6644	1
6645	0
6646	1
6647	0
6648	0
6649	0
6650	0
6651	0
6652	0
6653	0
6654	0
6655	0
6656	0
6657	3
6658	0
6659	0
6660	0
6661	0
6662	1
6663	0
6664	0
6665	0
6666	1
6667	0
6668	0
6669	0
6670	0
6671	2
6672	0
6673	0
6674	0
6675	2
6676	0
6677	0
6678	0
6679	0
6680	0
6681	0
6682	0
6683	1
6684	0
6685	2
6686	0
6687	1
6688	0
6689	0
6690	0
6691	0
6692	1
6693	0
6694	0
6695	0
6696	0
6697	0
6698	1
6699	2
6700	0
6701	0
6702	0
6703	1
6704	0
6705	0
6706	0
6707	0
6708	1
6709	1
6710	0
6711	0
6712	0
6713	0
6714	2
6715	0
6716	0
6717	0
6718	0
6719	1
6720	0
6721	1
6722	2
6723	1
6724	0
6725	1
6726	0
6727	3
6728	0
6729	1
6730	0
6731	1
6732	0
6733	0
6734	0
6735	0
6736	0
6737	1
6738	0
6739	0
6740	0
6741	0
6742	0
6743	0
6744	1
6745	0
6746	0
6747	1
6748	0
6749	2
6750	1
6751	0
6752	0
6753	0
6754	0
6755	0
6756	1
6757	0
6758	0
6759	1
6760	1
6761	1
6762	2
6763	0
6764	1
6765	1
6766	1
6767	0
6768	0
6769	0
6770	0
6771	1
6772	0
6773	0
6774	1
6775	0
6776	1
6777	1
6778	0
6779	0
6780	0
6781	1
6782	0
6783	1
6784	0
6785	1
6786	0
6787	0
6788	0
6789	0
6790	2
6791	1
6792	0
6793	0
6794	0
6795	0
6796	0
6797	0
6798	0
6799	0
6800	0
6801	1
6802	1
6803	0
6804	0
6805	1
6806	0
6807	0
6808	2
6809	1
6810	0
6811	1
6812	0
6813	0
6814	0
6815	1
6816	1
6817	0
6818	0
6819	0
6820	1
6821	0
6822	0
6823	1
6824	1
6825	1
6826	4
6827	0
6828	1
6829	1
6830	0
6831	0
6832	0
6833	0
6834	0
6835	2
6836	0
6837	0
6838	1
6839	0
6840	0
6841	1
6842	2
6843	0
6844	2
6845	0
6846	0
6847	3
6848	2
6849	1
6850	1
6851	0
6852	1
6853	0
6854	0
6855	0
6856	0
6857	0
6858	3
6859	1
6860	0
6861	0
6862	1
6863	2
6864	1
6865	0
6866	1
6867	0
6868	0
6869	0
6870	1
6871	1
6872	0
6873	0
6874	1
6875	0
6876	2
6877	1
6878	0
6879	1
6880	1
6881	1
6882	1
6883	0
6884	0
6885	0
6886	0
6887	0
6888	3
6889	1
6890	1
6891	2
6892	0
6893	2
6894	5
6895	0
6896	1
6897	0
6898	0
6899	0
6900	0
6901	1
6902	2
6903	0
6904	0
6905	1
6906	0
6907	2
6908	3
6909	0
6910	2
6911	1
6912	3
6913	2
6914	2
6915	1
6916	2
6917	0
6918	0
6919	0
6920	2
6921	1
6922	3
6923	1
6924	1
6925	0
6926	2
6927	1
6928	2
6929	0
6930	0
6931	3
6932	3
6933	0
6934	2
6935	0
6936	0
6937	1
6938	2
6939	2
6940	2
6941	2
6942	0
6943	0
6944	1
6945	0
6946	1
6947	1
6948	1
6949	1
6950	0
6951	1
6952	0
6953	0
6954	0
6955	0
6956	0
6957	1
6958	0
6959	2
6960	0
6961	0
6962	0
6963	0
6964	1
6965	0
6966	1
6967	1
6968	1
6969	2
6970	2
6971	2
6972	0
6973	1
6974	0
6975	1
6976	1
6977	0
6978	1
6979	0
6980	1
6981	0
6982	0
6983	0
6984	1
6985	0
6986	1
6987	0
6988	1
6989	2
6990	2
6991	0
6992	2
6993	0
6994	1
6995	0
6996	0
6997	0
6998	0
6999	0
7000	0
7001	1
7002	1
7003	0
7004	1
7005	0
7006	0
7007	2
7008	1
7009	1
7010	3
7011	1
7012	2
7013	2
7014	1
7015	1
7016	2
7017	0
7018	1
7019	1
7020	0
7021	1
7022	2
7023	1
7024	0
7025	0
7026	2
7027	1
7028	2
7029	3
7030	0
7031	3
7032	2
7033	0
7034	0
7035	0
7036	2
7037	0
7038	0
7039	0
7040	0
7041	1
7042	1
7043	0
7044	1
7045	0
7046	1
7047	1
7048	1
7049	0
7050	0
7051	0
7052	1
7053	0
7054	0
7055	1
7056	0
7057	2
7058	0
7059	0
7060	0
7061	1
7062	1
7063	1
7064	1
7065	3
7066	1
7067	0
7068	0
7069	1
7070	1
7071	0
7072	2
7073	1
7074	1
7075	0
7076	0
7077	2
7078	1
7079	0
7080	0
7081	0
7082	1
7083	0
7084	0
7085	1
7086	2
7087	0
7088	1
7089	0
7090	1
7091	2
7092	2
7093	0
7094	0
7095	1
7096	1
7097	1
7098	1
7099	1
7100	1
7101	1
7102	0
7103	0
7104	0
7105	1
7106	0
7107	0
7108	0
7109	0
7110	0
7111	1
7112	0
7113	1
7114	0
7115	0
7116	0
7117	0
7118	1
7119	0
7120	0
7121	0
7122	2
7123	1
7124	1
7125	1
7126	0
7127	0
7128	0
7129	1
7130	1
7131	0
7132	0
7133	1
7134	0
7135	1
7136	1
7137	0
7138	0
7139	0
7140	0
7141	0
7142	0
7143	0
7144	1
7145	0
7146	1
7147	1
7148	0
7149	0
7150	1
7151	1
7152	1
7153	0
7154	0
7155	0
7156	0
7157	1
7158	0
7159	1
7160	0
7161	0
7162	0
7163	0
7164	0
7165	0
7166	0
7167	0
7168	0
7169	1
7170	0
7171	0
7172	3
7173	0
7174	0
7175	0
7176	0
7177	0
7178	0
7179	2
7180	0
7181	0
7182	0
7183	0
7184	0
7185	0
7186	0
7187	0
7188	1
7189	1
7190	0
7191	0
7192	0
7193	0
7194	0
7195	0
7196	0
7197	0
7198	1
7199	1
7200	0
7201	0
7202	1
7203	0
7204	0
7205	0
7206	0
7207	0
7208	1
7209	0
7210	0
7211	0
7212	0
7213	2
7214	1
7215	0
7216	0
7217	1
7218	0
7219	0
7220	0
7221	0
7222	0
7223	0
7224	0
7225	1
7226	1
7227	1
7228	0
7229	0
7230	0
7231	1
7232	0
7233	1
7234	0
7235	0
7236	0
7237	0
7238	0
7239	0
7240	0
7241	1
7242	0
7243	0
7244	0
7245	0
7246	1
7247	0
7248	0
7249	1
7250	0
7251	0
7252	0
7253	0
7254	0
7255	0
7256	0
7257	1
7258	0
7259	0
7260	0
7261	0
7262	0
7263	1
7264	0
7265	0
7266	0
7267	0
7268	0
7269	0
7270	0
7271	0
7272	0
7273	0
7274	0
7275	2
7276	0
7277	0
7278	0
7279	0
7280	0
7281	0
7282	0
7283	0
7284	0
7285	0
7286	0
7287	0
7288	0
7289	0
7290	0
7291	1
7292	0
7293	0
7294	0
7295	0
7296	0
7297	1
7298	0
7299	0
7300	0
7301	0
7302	0
7303	0
7304	0
7305	0
7306	0
7307	0
7308	0
7309	0
7310	0
7311	0
7312	0
7313	0
7314	0
7315	0
7316	0
7317	0
7318	0
7319	0
7320	0
7321	0
7322	0
7323	0
7324	0
7325	0
7326	0
7327	0
7328	0
7329	0
7330	0
7331	0
7332	0
7333	0
7334	0
7335	0
7336	0
7337	0
7338	0
7339	0
7340	0
7341	0
7342	0
7343	0
7344	0
7345	0
7346	0
7347	0
7348	0
7349	0
7350	0
7351	0
7352	0
7353	0
7354	0
7355	0
7356	0
7357	0
7358	0
7359	0
7360	0
7361	0
7362	0
7363	0
7364	0
7365	0
7366	0
7367	0
7368	0
7369	0
7370	0
7371	0
7372	0
7373	0
7374	0
7375	0
7376	0
7377	0
7378	0
7379	0
7380	0
7381	0
7382	0
7383	0
7384	0
7385	0
7386	0
7387	0
7388	0
7389	0
7390	0
7391	0
7392	0
7393	0
7394	0
7395	0
7396	0
7397	0
7398	0
7399	0
7400	0
7401	0
7402	0
7403	0
7404	0
7405	0
7406	0
7407	0
7408	0
7409	0
7410	0
7411	0
7412	0
7413	0
7414	0
7415	0
7416	0
7417	0
7418	0
7419	0
7420	0
7421	0
7422	0
7423	0
7424	0
7425	0
7426	1
7427	0
7428	0
7429	0
7430	0
7431	0
7432	0
7433	0
7434	0
7435	0
7436	0
7437	0
7438	0
7439	0
7440	0
7441	0
7442	0
7443	0
7444	0
7445	0
7446	0
7447	0
7448	0
7449	0
7450	0
7451	0
7452	0
7453	0
7454	0
7455	0
7456	1
7457	0
7458	0
7459	0
7460	0
7461	0
7462	0
7463	0
7464	0
7465	0
7466	0
7467	0
7468	0
7469	0
7470	0
7471	0
7472	0
7473	0
7474	0
7475	0
7476	0
7477	0
7478	0
7479	0
7480	0
7481	0
7482	0
7483	0
7484	0
7485	0
7486	0
7487	0
7488	0
7489	0
7490	0
7491	0
7492	0
7493	0
7494	0
7495	0
7496	0
7497	0
7498	0
7499	0
7500	0
7501	0
7502	0
7503	0
7504	0
7505	0
7506	0
7507	0
7508	0
7509	0
7510	0
7511	0
7512	0
7513	0
7514	0
7515	0
7516	0
7517	0
7518	0
7519	0
7520	0
7521	0
7522	0
7523	0
7524	0
7525	0
7526	0
7527	0
7528	0
7529	0
7530	0
7531	0
7532	0
7533	0
7534	0
7535	0
7536	0
7537	0
7538	0
7539	0
7540	0
7541	0
7542	0
7543	0
7544	0
7545	1
7546	0
7547	0
7548	0
7549	0
7550	0
7551	0
7552	0
7553	0
7554	0
7555	0
7556	0
7557	0
7558	0
7559	0
7560	0
7561	0
7562	0
7563	0
7564	0
7565	0
7566	0
7567	0
7568	0
7569	0
7570	0
7571	0
7572	0
7573	0
7574	0
7575	0
7576	0
7577	0
7578	0
7579	0
7580	0
7581	0
7582	0
7583	0
7584	0
7585	0
7586	0
7587	0
7588	0
7589	0
7590	0
7591	0
7592	0
7593	0
7594	0
7595	0
7596	0
7597	0
7598	0
7599	0
7600	0
7601	0
7602	0
7603	0
7604	0
7605	0
7606	0
7607	0
7608	0
7609	0
7610	0
7611	0
7612	0
7613	0
7614	0
7615	0
7616	0
7617	0
7618	0
7619	0
7620	0
7621	0
7622	0
7623	0
7624	0
7625	0
7626	0
7627	0
7628	0
7629	0
7630	0
7631	0
7632	0
7633	0
7634	0
7635	0
7636	0
7637	0
7638	0
7639	0
7640	0
7641	0
7642	0
7643	0
7644	0
7645	0
7646	0
7647	0
7648	0
7649	0
7650	0
7651	0
7652	0
7653	0
7654	0
7655	0
7656	0
7657	0
7658	0
7659	0
7660	0
7661	0
7662	0
7663	0
7664	0
7665	0
7666	1
7667	0
7668	0
7669	0
7670	0
7671	0
7672	0
7673	0
7674	0
7675	0
7676	0
7677	0
7678	0
7679	0
7680	0
7681	0
7682	0
7683	0
7684	0
7685	0
7686	0
7687	0
7688	0
7689	0
7690	0
7691	0
7692	0
7693	0
7694	0
7695	0
7696	0
7697	0
7698	0
7699	0
7700	0
7701	0
7702	0
7703	0
7704	1
7705	0
7706	0
7707	0
7708	0
7709	0
7710	0
7711	0
7712	0
7713	0
7714	0
7715	0
7716	0
7717	0
7718	0
7719	0
7720	0
7721	0
7722	0
7723	0
7724	0
7725	0
7726	0
7727	1
7728	0
7729	0
7730	0
7731	0
7732	0
7733	1
7734	0
7735	0
7736	0
7737	0
7738	0
7739	0
7740	0
7741	0
7742	0
7743	1
7744	0
7745	0
7746	0
7747	0
7748	0
7749	0
7750	0
7751	0
7752	0
7753	1
7754	0
7755	0
7756	0
7757	0
7758	0
7759	0
7760	0
7761	0
7762	0
7763	0
7764	0
7765	0
7766	0
7767	0
7768	0
7769	0
7770	0
7771	0
7772	0
7773	0
7774	0
7775	0
7776	0
7777	0
7778	0
7779	0
7780	0
7781	0
7782	0
7783	0
7784	0
7785	0
7786	0
7787	0
7788	0
7789	0
7790	0
7791	0
7792	0
7793	0
7794	0
7795	0
7796	0
7797	0
7798	0
7799	0
7800	0
7801	0
7802	0
7803	0
7804	0
7805	0
7806	0
7807	0
7808	0
7809	0
7810	0
7811	0
7812	0
7813	0
7814	0
7815	0
7816	0
7817	0
7818	0
7819	0
7820	0
7821	0
7822	0
7823	0
7824	0
7825	0
7826	0
7827	0
7828	0
7829	0
7830	1
7831	0
7832	0
7833	0
7834	0
7835	0
7836	0
7837	0
7838	0
7839	0
7840	0
7841	0
7842	0
7843	0
7844	0
7845	0
7846	0
7847	0
7848	0
7849	0
7850	0
7851	0
7852	0
7853	0
7854	0
7855	0
7856	0
7857	0
7858	0
7859	0
7860	0
7861	0
7862	0
7863	0
7864	0
7865	0
7866	0
7867	0
7868	0
7869	0
7870	0
7871	0
7872	0
7873	0
7874	0
7875	0
7876	0
7877	0
7878	0
7879	0
7880	0
7881	0
7882	0
7883	0
7884	0
7885	0
7886	0
7887	0
7888	0
7889	0
7890	0
7891	0
7892	0
7893	0
7894	0
7895	0
7896	1
7897	0
7898	0
7899	0
7900	0
7901	0
7902	0
7903	0
7904	0
7905	0
7906	0
7907	0
7908	0
7909	0
7910	0
7911	0
7912	0
7913	0
7914	0
7915	0
7916	0
7917	0
7918	0
7919	0
7920	0
7921	0
7922	0
7923	0
7924	0
7925	0
7926	0
7927	0
7928	0
7929	0
7930	0
7931	0
7932	0
7933	0
7934	0
7935	0
7936	0
7937	0
7938	0
7939	0
7940	0
7941	0
7942	0
7943	0
7944	0
7945	0
7946	1
7947	0
7948	0
7949	0
7950	0
7951	0
7952	0
7953	0
7954	0
7955	0
7956	0
7957	0
7958	0
7959	0
7960	0
7961	0
7962	0
7963	0
7964	0
7965	0
7966	0
7967	0
7968	0
7969	0
7970	0
7971	0
7972	0
7973	0
7974	0
7975	0
7976	0
7977	0
7978	0
7979	0
7980	0
7981	0
7982	0
7983	0
7984	0
7985	0
7986	0
7987	0
7988	0
7989	0
7990	0
7991	0
7992	0
7993	0
7994	0
7995	0
7996	0
7997	0
7998	0
7999	0
8000	0
8001	0
8002	0
8003	0
8004	0
8005	0
8006	0
8007	0
8008	0
8009	0
8010	0
8011	0
8012	0
8013	0
8014	0
8015	0
8016	0
8017	0
8018	0
8019	0
8020	0
8021	0
8022	0
8023	0
8024	0
8025	0
8026	0
8027	0
8028	0
8029	0
8030	0
8031	0
8032	0
8033	0
8034	0
8035	0
8036	0
8037	0
8038	0
8039	0
8040	0
8041	0
8042	0
8043	0
8044	0
8045	0
8046	0
8047	0
8048	0
8049	0
8050	0
8051	0
8052	0
8053	0
8054	0
8055	0
8056	0
8057	0
8058	0
8059	0
8060	0
8061	0
8062	0
8063	0
8064	0
8065	0
8066	0
8067	0
8068	0
8069	0
8070	0
8071	0
8072	0
8073	0
8074	0
8075	0
8076	0
8077	0
8078	0
8079	0
8080	0
8081	0
8082	0
8083	0
8084	0
8085	0
8086	0
8087	0
8088	0
8089	0
8090	0
8091	0
8092	0
8093	0
8094	0
8095	0
8096	0
8097	0
8098	0
8099	0
8100	0
8101	0
8102	0
8103	0
8104	0
8105	0
8106	0
8107	0
8108	0
8109	0
8110	0
8111	0
8112	0
8113	0
8114	0
8115	0
8116	0
8117	0
8118	0
8119	0
8120	0
8121	0
8122	0
8123	0
8124	0
8125	0
8126	0
8127	0
8128	0
8129	0
8130	0
8131	0
8132	0
8133	0
8134	0
8135	0
8136	0
8137	0
8138	0
8139	0
8140	0
8141	0
8142	0
8143	0
8144	0
8145	0
8146	0
8147	0
8148	0
8149	0
8150	0
8151	1
8152	0
8153	0
8154	0
8155	0
8156	0
8157	0
8158	0
8159	0
8160	0
8161	0
8162	0
8163	0
8164	0
8165	0
8166	0
8167	0
8168	0
8169	0
8170	0
8171	0
8172	0
8173	0
8174	0
8175	0
8176	0
8177	0
8178	0
8179	0
8180	0
8181	0
8182	0
8183	0
8184	0
8185	0
8186	0
8187	0
8188	0
8189	0
8190	0
8191	0
