Filename:  S1.mca
Description:  
TimeStamp:  12/28/2024 11:05:00

ROI Information
Start	End	FWHM (N)	Net Area	Gross Area	Centroid (N)	Uncertainty	Status
1420	1486	0.000	0	2560	0	0	BAD
1979	2202	1.368	678	3786	2062.41	12.25	GOOD
3175	3556	0.973	223	1743	3217.02	25.62	GOOD
3925	4411	1.758	1466	2436	4175.45	3.98	GOOD
4733	5108	1.428	178	552	4778.03	17.10	GOOD

Spectral Data Information
Channel	Data
0	0
1	0
2	0
3	0
4	0
5	0
6	0
7	0
8	0
9	0
10	0
11	0
12	0
13	0
14	0
15	0
16	0
17	0
18	0
19	0
20	0
21	0
22	0
23	0
24	0
25	0
26	0
27	0
28	0
29	0
30	0
31	0
32	0
33	0
34	0
35	0
36	0
37	0
38	0
39	0
40	0
41	0
42	0
43	0
44	0
45	0
46	0
47	0
48	0
49	0
50	0
51	0
52	0
53	0
54	0
55	0
56	0
57	0
58	0
59	0
60	0
61	0
62	0
63	0
64	0
65	0
66	0
67	0
68	0
69	0
70	0
71	0
72	0
73	0
74	0
75	0
76	0
77	0
78	0
79	0
80	0
81	0
82	0
83	0
84	0
85	0
86	0
87	0
88	0
89	0
90	0
91	0
92	0
93	0
94	0
95	0
96	0
97	0
98	0
99	0
100	0
101	0
102	0
103	0
104	0
105	0
106	0
107	0
108	0
109	0
110	0
111	0
112	0
113	0
114	0
115	0
116	0
117	0
118	0
119	0
120	0
121	0
122	0
123	0
124	0
125	0
126	0
127	0
128	0
129	0
130	0
131	0
132	0
133	0
134	0
135	0
136	0
137	0
138	0
139	0
140	0
141	0
142	0
143	0
144	0
145	0
146	0
147	0
148	0
149	0
150	0
151	0
152	0
153	0
154	0
155	0
156	0
157	0
158	0
159	0
160	0
161	0
162	0
163	0
164	0
165	0
166	0
167	0
168	0
169	0
170	0
171	0
172	0
173	0
174	0
175	0
176	0
177	0
178	0
179	0
180	0
181	0
182	0
183	0
184	0
185	0
186	0
187	0
188	0
189	0
190	0
191	0
192	0
193	0
194	0
195	0
196	0
197	0
198	0
199	0
200	0
201	0
202	0
203	0
204	0
205	0
206	0
207	0
208	0
209	0
210	0
211	0
212	0
213	0
214	0
215	0
216	0
217	0
218	0
219	0
220	0
221	0
222	0
223	0
224	0
225	0
226	0
227	0
228	0
229	0
230	0
231	0
232	0
233	0
234	0
235	0
236	0
237	0
238	0
239	0
240	0
241	0
242	0
243	0
244	0
245	0
246	0
247	0
248	0
249	0
250	0
251	0
252	0
253	0
254	0
255	0
256	0
257	0
258	0
259	0
260	0
261	0
262	0
263	0
264	0
265	0
266	0
267	0
268	0
269	0
270	0
271	0
272	0
273	0
274	0
275	0
276	0
277	0
278	0
279	0
280	0
281	0
282	0
283	0
284	0
285	0
286	0
287	0
288	0
289	0
290	0
291	0
292	0
293	0
294	0
295	0
296	0
297	0
298	0
299	0
300	0
301	0
302	0
303	0
304	0
305	0
306	0
307	0
308	0
309	0
310	0
311	0
312	0
313	0
314	0
315	0
316	0
317	0
318	0
319	0
320	0
321	0
322	0
323	0
324	0
325	0
326	0
327	0
328	0
329	0
330	0
331	0
332	0
333	0
334	0
335	0
336	0
337	0
338	0
339	0
340	0
341	0
342	0
343	0
344	0
345	0
346	0
347	0
348	0
349	0
350	0
351	0
352	0
353	0
354	0
355	0
356	0
357	0
358	0
359	0
360	0
361	0
362	0
363	0
364	0
365	0
366	0
367	0
368	0
369	0
370	0
371	0
372	0
373	0
374	0
375	0
376	0
377	0
378	0
379	0
380	0
381	0
382	0
383	0
384	0
385	0
386	0
387	0
388	0
389	0
390	0
391	0
392	0
393	0
394	0
395	0
396	0
397	0
398	0
399	0
400	0
401	0
402	0
403	0
404	0
405	0
406	0
407	0
408	0
409	0
410	0
411	0
412	0
413	0
414	0
415	0
416	0
417	0
418	0
419	0
420	0
421	0
422	0
423	0
424	0
425	0
426	0
427	0
428	0
429	0
430	0
431	0
432	0
433	0
434	0
435	0
436	0
437	0
438	0
439	0
440	0
441	0
442	0
443	0
444	0
445	0
446	0
447	0
448	0
449	0
450	0
451	0
452	0
453	0
454	0
455	0
456	0
457	0
458	0
459	0
460	0
461	0
462	0
463	0
464	0
465	0
466	0
467	0
468	0
469	0
470	0
471	0
472	0
473	0
474	0
475	0
476	0
477	0
478	0
479	0
480	0
481	0
482	0
483	0
484	0
485	0
486	0
487	0
488	0
489	0
490	0
491	0
492	0
493	0
494	0
495	0
496	0
497	0
498	0
499	0
500	0
501	0
502	0
503	0
504	0
505	0
506	0
507	0
508	0
509	0
510	0
511	0
512	0
513	0
514	0
515	0
516	0
517	0
518	0
519	0
520	0
521	0
522	0
523	0
524	0
525	0
526	0
527	0
528	0
529	0
530	0
531	0
532	0
533	0
534	0
535	0
536	0
537	0
538	0
539	0
540	0
541	0
542	0
543	0
544	0
545	0
546	0
547	0
548	0
549	0
550	0
551	0
552	0
553	0
554	0
555	0
556	0
557	0
558	0
559	0
560	0
561	0
562	0
563	0
564	0
565	0
566	0
567	0
568	0
569	0
570	0
571	0
572	0
573	0
574	0
575	0
576	0
577	0
578	0
579	0
580	0
581	0
582	0
583	0
584	0
585	0
586	0
587	0
588	0
589	0
590	0
591	0
592	0
593	0
594	0
595	0
596	0
597	0
598	0
599	0
600	0
601	0
602	0
603	0
604	0
605	0
606	0
607	0
608	0
609	0
610	0
611	0
612	0
613	0
614	0
615	0
616	0
617	0
618	0
619	0
620	0
621	0
622	0
623	53
624	48
625	48
626	67
627	56
628	56
629	52
630	55
631	54
632	45
633	54
634	60
635	49
636	63
637	52
638	52
639	43
640	60
641	69
642	70
643	66
644	65
645	55
646	76
647	54
648	62
649	54
650	58
651	76
652	66
653	58
654	64
655	67
656	83
657	77
658	78
659	63
660	75
661	73
662	69
663	72
664	81
665	79
666	69
667	77
668	98
669	95
670	88
671	92
672	99
673	95
674	94
675	114
676	116
677	114
678	100
679	112
680	102
681	102
682	105
683	125
684	121
685	111
686	121
687	102
688	99
689	114
690	138
691	119
692	128
693	136
694	113
695	121
696	108
697	140
698	133
699	118
700	151
701	160
702	108
703	148
704	148
705	151
706	143
707	160
708	163
709	159
710	167
711	158
712	175
713	158
714	164
715	196
716	193
717	167
718	177
719	189
720	188
721	165
722	179
723	193
724	200
725	175
726	180
727	168
728	201
729	199
730	204
731	212
732	178
733	199
734	216
735	191
736	202
737	227
738	209
739	226
740	211
741	200
742	204
743	213
744	228
745	191
746	213
747	219
748	222
749	216
750	227
751	211
752	219
753	241
754	238
755	238
756	226
757	228
758	234
759	237
760	246
761	246
762	232
763	233
764	225
765	218
766	220
767	231
768	235
769	215
770	216
771	230
772	228
773	230
774	226
775	197
776	237
777	218
778	250
779	224
780	237
781	242
782	238
783	213
784	240
785	240
786	242
787	226
788	204
789	234
790	245
791	229
792	260
793	231
794	225
795	247
796	216
797	222
798	223
799	219
800	223
801	211
802	207
803	212
804	234
805	227
806	252
807	229
808	220
809	225
810	236
811	216
812	242
813	194
814	227
815	230
816	200
817	169
818	228
819	220
820	185
821	212
822	199
823	210
824	211
825	195
826	218
827	213
828	202
829	213
830	196
831	191
832	181
833	181
834	223
835	231
836	220
837	205
838	187
839	192
840	189
841	198
842	223
843	182
844	177
845	176
846	180
847	179
848	182
849	228
850	186
851	215
852	188
853	207
854	185
855	187
856	178
857	178
858	218
859	184
860	213
861	176
862	206
863	171
864	168
865	209
866	176
867	175
868	192
869	172
870	167
871	186
872	176
873	197
874	192
875	192
876	169
877	194
878	171
879	162
880	183
881	148
882	172
883	174
884	172
885	170
886	163
887	174
888	194
889	181
890	181
891	171
892	171
893	183
894	174
895	180
896	156
897	166
898	164
899	150
900	156
901	168
902	180
903	145
904	146
905	169
906	160
907	143
908	140
909	159
910	142
911	151
912	161
913	152
914	134
915	178
916	160
917	152
918	161
919	140
920	168
921	135
922	151
923	147
924	149
925	145
926	146
927	165
928	161
929	163
930	129
931	152
932	141
933	147
934	144
935	139
936	160
937	144
938	155
939	141
940	146
941	163
942	126
943	138
944	136
945	132
946	134
947	136
948	132
949	135
950	152
951	142
952	132
953	124
954	144
955	134
956	122
957	127
958	141
959	136
960	140
961	146
962	137
963	143
964	139
965	138
966	122
967	132
968	155
969	144
970	123
971	115
972	119
973	125
974	129
975	147
976	112
977	140
978	127
979	120
980	104
981	117
982	123
983	123
984	134
985	123
986	101
987	113
988	111
989	129
990	111
991	110
992	123
993	120
994	115
995	129
996	124
997	107
998	139
999	114
1000	121
1001	118
1002	104
1003	107
1004	102
1005	108
1006	129
1007	103
1008	107
1009	125
1010	119
1011	117
1012	131
1013	132
1014	122
1015	109
1016	103
1017	105
1018	140
1019	117
1020	108
1021	119
1022	111
1023	126
1024	104
1025	88
1026	123
1027	117
1028	78
1029	117
1030	104
1031	108
1032	107
1033	102
1034	115
1035	114
1036	105
1037	94
1038	126
1039	113
1040	114
1041	96
1042	116
1043	93
1044	107
1045	85
1046	102
1047	108
1048	109
1049	94
1050	106
1051	101
1052	107
1053	101
1054	95
1055	93
1056	87
1057	131
1058	112
1059	106
1060	96
1061	106
1062	93
1063	106
1064	109
1065	85
1066	104
1067	105
1068	84
1069	82
1070	112
1071	103
1072	90
1073	105
1074	82
1075	100
1076	93
1077	78
1078	99
1079	99
1080	88
1081	100
1082	83
1083	100
1084	99
1085	101
1086	90
1087	95
1088	84
1089	86
1090	115
1091	99
1092	82
1093	87
1094	94
1095	88
1096	103
1097	101
1098	95
1099	86
1100	105
1101	83
1102	83
1103	80
1104	98
1105	84
1106	97
1107	97
1108	98
1109	103
1110	92
1111	104
1112	90
1113	96
1114	99
1115	84
1116	82
1117	108
1118	88
1119	75
1120	95
1121	79
1122	77
1123	85
1124	84
1125	83
1126	77
1127	78
1128	85
1129	82
1130	88
1131	81
1132	91
1133	90
1134	89
1135	75
1136	83
1137	98
1138	106
1139	106
1140	79
1141	86
1142	85
1143	80
1144	72
1145	98
1146	93
1147	88
1148	77
1149	83
1150	87
1151	80
1152	81
1153	107
1154	92
1155	93
1156	85
1157	74
1158	103
1159	93
1160	80
1161	91
1162	100
1163	121
1164	99
1165	107
1166	80
1167	86
1168	86
1169	76
1170	97
1171	72
1172	72
1173	81
1174	103
1175	81
1176	103
1177	87
1178	96
1179	73
1180	90
1181	92
1182	80
1183	84
1184	73
1185	94
1186	73
1187	74
1188	70
1189	68
1190	86
1191	99
1192	75
1193	79
1194	75
1195	69
1196	78
1197	65
1198	73
1199	75
1200	73
1201	62
1202	69
1203	80
1204	75
1205	77
1206	68
1207	60
1208	55
1209	71
1210	85
1211	68
1212	54
1213	73
1214	68
1215	64
1216	63
1217	69
1218	63
1219	58
1220	54
1221	58
1222	60
1223	54
1224	64
1225	62
1226	58
1227	67
1228	40
1229	66
1230	70
1231	65
1232	65
1233	60
1234	61
1235	46
1236	63
1237	52
1238	37
1239	49
1240	51
1241	67
1242	56
1243	70
1244	53
1245	66
1246	64
1247	54
1248	42
1249	60
1250	54
1251	65
1252	47
1253	49
1254	57
1255	63
1256	63
1257	42
1258	44
1259	53
1260	53
1261	66
1262	68
1263	61
1264	68
1265	63
1266	59
1267	60
1268	55
1269	58
1270	47
1271	58
1272	41
1273	49
1274	59
1275	53
1276	54
1277	48
1278	42
1279	43
1280	48
1281	51
1282	38
1283	57
1284	46
1285	62
1286	60
1287	63
1288	51
1289	51
1290	40
1291	60
1292	57
1293	44
1294	65
1295	50
1296	45
1297	53
1298	47
1299	49
1300	37
1301	51
1302	49
1303	50
1304	54
1305	60
1306	53
1307	49
1308	61
1309	55
1310	47
1311	42
1312	42
1313	44
1314	56
1315	34
1316	52
1317	55
1318	38
1319	54
1320	38
1321	33
1322	60
1323	47
1324	62
1325	45
1326	38
1327	44
1328	42
1329	46
1330	46
1331	49
1332	43
1333	39
1334	37
1335	51
1336	48
1337	49
1338	37
1339	27
1340	48
1341	38
1342	44
1343	53
1344	29
1345	42
1346	56
1347	40
1348	38
1349	50
1350	36
1351	38
1352	45
1353	38
1354	49
1355	44
1356	40
1357	44
1358	45
1359	43
1360	45
1361	39
1362	48
1363	46
1364	37
1365	38
1366	47
1367	41
1368	36
1369	32
1370	38
1371	30
1372	39
1373	44
1374	46
1375	51
1376	45
1377	41
1378	45
1379	40
1380	49
1381	34
1382	32
1383	44
1384	49
1385	39
1386	29
1387	28
1388	50
1389	40
1390	48
1391	48
1392	37
1393	41
1394	45
1395	37
1396	42
1397	28
1398	42
1399	47
1400	47
1401	41
1402	44
1403	44
1404	35
1405	50
1406	38
1407	49
1408	44
1409	37
1410	44
1411	26
1412	40
1413	51
1414	44
1415	39
1416	50
1417	38
1418	44
1419	37
1420	42
1421	50
1422	41
1423	42
1424	31
1425	57
1426	32
1427	41
1428	41
1429	36
1430	44
1431	51
1432	34
1433	53
1434	37
1435	34
1436	39
1437	30
1438	52
1439	33
1440	44
1441	40
1442	47
1443	42
1444	46
1445	40
1446	32
1447	45
1448	34
1449	48
1450	38
1451	34
1452	44
1453	45
1454	34
1455	34
1456	52
1457	44
1458	43
1459	35
1460	51
1461	42
1462	36
1463	39
1464	41
1465	48
1466	36
1467	45
1468	54
1469	32
1470	35
1471	36
1472	35
1473	37
1474	27
1475	35
1476	30
1477	35
1478	28
1479	35
1480	37
1481	29
1482	43
1483	33
1484	32
1485	30
1486	33
1487	38
1488	39
1489	45
1490	22
1491	35
1492	31
1493	29
1494	35
1495	38
1496	30
1497	27
1498	31
1499	28
1500	30
1501	37
1502	41
1503	32
1504	33
1505	43
1506	22
1507	29
1508	19
1509	34
1510	27
1511	27
1512	31
1513	24
1514	32
1515	27
1516	28
1517	30
1518	27
1519	25
1520	23
1521	24
1522	24
1523	27
1524	24
1525	23
1526	27
1527	26
1528	23
1529	32
1530	25
1531	22
1532	22
1533	31
1534	27
1535	17
1536	24
1537	26
1538	16
1539	27
1540	26
1541	27
1542	30
1543	22
1544	19
1545	18
1546	26
1547	31
1548	20
1549	24
1550	31
1551	25
1552	18
1553	26
1554	22
1555	24
1556	17
1557	20
1558	23
1559	16
1560	31
1561	28
1562	29
1563	26
1564	32
1565	21
1566	24
1567	33
1568	26
1569	25
1570	22
1571	17
1572	26
1573	31
1574	31
1575	30
1576	26
1577	31
1578	22
1579	30
1580	21
1581	19
1582	32
1583	31
1584	24
1585	28
1586	29
1587	14
1588	17
1589	29
1590	21
1591	17
1592	21
1593	18
1594	32
1595	15
1596	29
1597	17
1598	27
1599	15
1600	26
1601	27
1602	21
1603	30
1604	20
1605	15
1606	18
1607	32
1608	27
1609	24
1610	28
1611	23
1612	20
1613	21
1614	25
1615	13
1616	23
1617	18
1618	15
1619	20
1620	21
1621	25
1622	21
1623	18
1624	26
1625	18
1626	26
1627	26
1628	22
1629	21
1630	21
1631	19
1632	29
1633	24
1634	23
1635	17
1636	25
1637	27
1638	13
1639	19
1640	19
1641	17
1642	29
1643	23
1644	12
1645	17
1646	29
1647	24
1648	26
1649	21
1650	28
1651	17
1652	20
1653	32
1654	20
1655	9
1656	21
1657	25
1658	21
1659	20
1660	21
1661	19
1662	22
1663	12
1664	18
1665	17
1666	24
1667	19
1668	21
1669	21
1670	17
1671	16
1672	21
1673	18
1674	25
1675	16
1676	20
1677	17
1678	24
1679	19
1680	20
1681	18
1682	20
1683	24
1684	15
1685	15
1686	27
1687	24
1688	25
1689	17
1690	29
1691	17
1692	16
1693	19
1694	20
1695	18
1696	19
1697	18
1698	19
1699	17
1700	21
1701	14
1702	18
1703	14
1704	25
1705	22
1706	20
1707	21
1708	22
1709	17
1710	18
1711	17
1712	19
1713	20
1714	11
1715	29
1716	17
1717	16
1718	22
1719	16
1720	21
1721	15
1722	17
1723	16
1724	22
1725	20
1726	17
1727	12
1728	11
1729	10
1730	14
1731	19
1732	26
1733	16
1734	17
1735	20
1736	21
1737	19
1738	16
1739	15
1740	18
1741	13
1742	22
1743	19
1744	17
1745	19
1746	28
1747	21
1748	15
1749	26
1750	14
1751	25
1752	23
1753	17
1754	16
1755	19
1756	18
1757	20
1758	28
1759	19
1760	21
1761	19
1762	17
1763	19
1764	18
1765	15
1766	15
1767	18
1768	25
1769	14
1770	17
1771	13
1772	16
1773	12
1774	12
1775	11
1776	19
1777	14
1778	23
1779	17
1780	23
1781	17
1782	14
1783	17
1784	16
1785	23
1786	15
1787	18
1788	23
1789	12
1790	17
1791	13
1792	9
1793	17
1794	25
1795	19
1796	21
1797	24
1798	24
1799	15
1800	21
1801	13
1802	25
1803	17
1804	12
1805	19
1806	16
1807	13
1808	16
1809	15
1810	13
1811	9
1812	21
1813	22
1814	14
1815	21
1816	21
1817	18
1818	12
1819	13
1820	25
1821	16
1822	22
1823	18
1824	20
1825	22
1826	16
1827	25
1828	25
1829	15
1830	18
1831	13
1832	17
1833	12
1834	14
1835	15
1836	17
1837	14
1838	22
1839	23
1840	18
1841	15
1842	11
1843	19
1844	11
1845	16
1846	22
1847	17
1848	18
1849	15
1850	21
1851	18
1852	19
1853	17
1854	22
1855	17
1856	17
1857	10
1858	18
1859	19
1860	19
1861	14
1862	15
1863	13
1864	18
1865	19
1866	18
1867	14
1868	26
1869	22
1870	16
1871	17
1872	19
1873	20
1874	16
1875	12
1876	23
1877	19
1878	14
1879	19
1880	12
1881	16
1882	23
1883	16
1884	20
1885	15
1886	10
1887	12
1888	23
1889	20
1890	18
1891	19
1892	15
1893	18
1894	18
1895	12
1896	31
1897	14
1898	14
1899	22
1900	15
1901	24
1902	16
1903	23
1904	9
1905	12
1906	15
1907	15
1908	15
1909	11
1910	23
1911	20
1912	15
1913	17
1914	16
1915	8
1916	22
1917	11
1918	20
1919	15
1920	17
1921	14
1922	14
1923	17
1924	18
1925	20
1926	13
1927	26
1928	9
1929	24
1930	13
1931	25
1932	19
1933	19
1934	10
1935	14
1936	14
1937	14
1938	16
1939	11
1940	17
1941	20
1942	25
1943	12
1944	15
1945	12
1946	15
1947	20
1948	20
1949	12
1950	22
1951	18
1952	19
1953	18
1954	16
1955	15
1956	16
1957	9
1958	11
1959	19
1960	17
1961	14
1962	22
1963	19
1964	16
1965	16
1966	22
1967	13
1968	15
1969	14
1970	15
1971	16
1972	23
1973	9
1974	24
1975	10
1976	17
1977	15
1978	16
1979	15
1980	16
1981	16
1982	26
1983	20
1984	22
1985	14
1986	10
1987	19
1988	13
1989	20
1990	11
1991	15
1992	28
1993	22
1994	9
1995	19
1996	13
1997	19
1998	16
1999	10
2000	12
2001	21
2002	17
2003	21
2004	15
2005	32
2006	22
2007	20
2008	18
2009	27
2010	16
2011	19
2012	21
2013	9
2014	17
2015	23
2016	20
2017	12
2018	14
2019	16
2020	13
2021	17
2022	18
2023	17
2024	9
2025	25
2026	20
2027	22
2028	17
2029	16
2030	25
2031	15
2032	17
2033	20
2034	16
2035	13
2036	20
2037	25
2038	19
2039	17
2040	10
2041	14
2042	12
2043	18
2044	19
2045	21
2046	15
2047	16
2048	22
2049	27
2050	24
2051	20
2052	15
2053	26
2054	22
2055	22
2056	13
2057	22
2058	16
2059	21
2060	28
2061	11
2062	27
2063	22
2064	16
2065	25
2066	17
2067	14
2068	26
2069	24
2070	19
2071	16
2072	20
2073	22
2074	11
2075	20
2076	22
2077	21
2078	27
2079	21
2080	15
2081	26
2082	21
2083	25
2084	19
2085	18
2086	16
2087	25
2088	30
2089	14
2090	15
2091	17
2092	15
2093	18
2094	20
2095	17
2096	26
2097	22
2098	18
2099	14
2100	23
2101	14
2102	27
2103	23
2104	13
2105	21
2106	25
2107	12
2108	25
2109	13
2110	21
2111	10
2112	18
2113	21
2114	21
2115	19
2116	17
2117	16
2118	23
2119	16
2120	18
2121	21
2122	12
2123	18
2124	24
2125	18
2126	26
2127	13
2128	17
2129	17
2130	15
2131	15
2132	17
2133	20
2134	21
2135	19
2136	12
2137	13
2138	15
2139	19
2140	17
2141	15
2142	10
2143	15
2144	20
2145	16
2146	15
2147	24
2148	12
2149	14
2150	10
2151	16
2152	9
2153	10
2154	17
2155	15
2156	15
2157	15
2158	18
2159	14
2160	17
2161	13
2162	13
2163	16
2164	14
2165	19
2166	15
2167	12
2168	21
2169	12
2170	17
2171	18
2172	10
2173	10
2174	12
2175	10
2176	13
2177	14
2178	10
2179	13
2180	15
2181	12
2182	13
2183	8
2184	7
2185	15
2186	9
2187	9
2188	14
2189	7
2190	8
2191	13
2192	9
2193	12
2194	8
2195	11
2196	12
2197	15
2198	13
2199	10
2200	3
2201	13
2202	13
2203	13
2204	14
2205	10
2206	12
2207	8
2208	11
2209	9
2210	10
2211	10
2212	12
2213	10
2214	11
2215	8
2216	8
2217	13
2218	11
2219	9
2220	6
2221	15
2222	15
2223	2
2224	8
2225	11
2226	12
2227	7
2228	9
2229	14
2230	10
2231	9
2232	16
2233	10
2234	12
2235	17
2236	12
2237	8
2238	8
2239	15
2240	15
2241	6
2242	11
2243	8
2244	6
2245	12
2246	8
2247	12
2248	8
2249	10
2250	12
2251	13
2252	7
2253	6
2254	11
2255	8
2256	14
2257	11
2258	11
2259	11
2260	9
2261	7
2262	12
2263	8
2264	9
2265	13
2266	12
2267	14
2268	10
2269	18
2270	10
2271	15
2272	10
2273	9
2274	11
2275	4
2276	8
2277	11
2278	11
2279	9
2280	7
2281	6
2282	14
2283	9
2284	5
2285	10
2286	7
2287	5
2288	10
2289	7
2290	8
2291	9
2292	8
2293	11
2294	6
2295	8
2296	9
2297	16
2298	9
2299	9
2300	5
2301	7
2302	10
2303	7
2304	14
2305	6
2306	8
2307	9
2308	6
2309	11
2310	5
2311	11
2312	13
2313	13
2314	9
2315	11
2316	10
2317	14
2318	13
2319	12
2320	9
2321	14
2322	9
2323	7
2324	9
2325	7
2326	10
2327	9
2328	7
2329	8
2330	6
2331	11
2332	6
2333	7
2334	7
2335	8
2336	5
2337	8
2338	10
2339	7
2340	12
2341	4
2342	4
2343	10
2344	10
2345	5
2346	8
2347	9
2348	9
2349	9
2350	9
2351	13
2352	7
2353	6
2354	10
2355	12
2356	10
2357	7
2358	16
2359	13
2360	12
2361	4
2362	6
2363	8
2364	8
2365	7
2366	10
2367	5
2368	22
2369	14
2370	9
2371	9
2372	6
2373	9
2374	4
2375	7
2376	8
2377	8
2378	6
2379	10
2380	8
2381	5
2382	9
2383	10
2384	9
2385	9
2386	10
2387	7
2388	10
2389	6
2390	5
2391	6
2392	11
2393	9
2394	9
2395	12
2396	5
2397	11
2398	14
2399	5
2400	11
2401	5
2402	8
2403	7
2404	10
2405	10
2406	8
2407	10
2408	9
2409	12
2410	9
2411	10
2412	7
2413	11
2414	10
2415	9
2416	6
2417	14
2418	3
2419	7
2420	6
2421	14
2422	9
2423	9
2424	11
2425	11
2426	13
2427	6
2428	12
2429	3
2430	8
2431	11
2432	10
2433	5
2434	7
2435	8
2436	13
2437	5
2438	19
2439	14
2440	9
2441	8
2442	8
2443	8
2444	14
2445	6
2446	10
2447	9
2448	10
2449	6
2450	6
2451	10
2452	7
2453	10
2454	7
2455	9
2456	11
2457	7
2458	9
2459	11
2460	9
2461	14
2462	8
2463	6
2464	8
2465	5
2466	5
2467	8
2468	4
2469	5
2470	8
2471	6
2472	13
2473	8
2474	7
2475	11
2476	9
2477	8
2478	5
2479	9
2480	4
2481	10
2482	12
2483	10
2484	6
2485	13
2486	14
2487	8
2488	8
2489	9
2490	9
2491	4
2492	14
2493	7
2494	11
2495	8
2496	4
2497	7
2498	3
2499	9
2500	11
2501	7
2502	6
2503	6
2504	9
2505	11
2506	7
2507	9
2508	11
2509	6
2510	5
2511	6
2512	9
2513	7
2514	9
2515	3
2516	8
2517	10
2518	10
2519	13
2520	14
2521	6
2522	10
2523	10
2524	11
2525	9
2526	8
2527	7
2528	6
2529	7
2530	6
2531	8
2532	11
2533	9
2534	8
2535	7
2536	6
2537	8
2538	9
2539	12
2540	5
2541	10
2542	12
2543	13
2544	4
2545	8
2546	9
2547	8
2548	6
2549	7
2550	8
2551	6
2552	4
2553	10
2554	8
2555	9
2556	6
2557	8
2558	9
2559	5
2560	12
2561	12
2562	9
2563	6
2564	9
2565	7
2566	8
2567	9
2568	6
2569	5
2570	10
2571	10
2572	7
2573	5
2574	5
2575	4
2576	5
2577	9
2578	9
2579	5
2580	9
2581	10
2582	6
2583	7
2584	12
2585	11
2586	8
2587	7
2588	5
2589	10
2590	3
2591	10
2592	13
2593	5
2594	10
2595	9
2596	5
2597	6
2598	8
2599	9
2600	10
2601	8
2602	10
2603	11
2604	11
2605	8
2606	7
2607	9
2608	4
2609	9
2610	11
2611	8
2612	9
2613	8
2614	7
2615	5
2616	8
2617	7
2618	7
2619	10
2620	2
2621	5
2622	8
2623	7
2624	5
2625	3
2626	9
2627	9
2628	6
2629	7
2630	6
2631	11
2632	5
2633	6
2634	8
2635	9
2636	6
2637	8
2638	3
2639	7
2640	12
2641	4
2642	10
2643	7
2644	12
2645	9
2646	7
2647	8
2648	9
2649	5
2650	5
2651	7
2652	4
2653	7
2654	7
2655	5
2656	5
2657	8
2658	7
2659	4
2660	12
2661	7
2662	7
2663	16
2664	6
2665	9
2666	5
2667	3
2668	6
2669	8
2670	5
2671	10
2672	7
2673	3
2674	6
2675	7
2676	3
2677	15
2678	5
2679	7
2680	6
2681	5
2682	8
2683	8
2684	5
2685	11
2686	4
2687	6
2688	4
2689	4
2690	10
2691	7
2692	9
2693	4
2694	7
2695	8
2696	8
2697	14
2698	8
2699	8
2700	8
2701	7
2702	11
2703	12
2704	7
2705	11
2706	4
2707	3
2708	9
2709	7
2710	6
2711	7
2712	7
2713	8
2714	9
2715	7
2716	6
2717	6
2718	9
2719	5
2720	11
2721	8
2722	7
2723	4
2724	12
2725	6
2726	5
2727	7
2728	4
2729	12
2730	8
2731	8
2732	9
2733	6
2734	12
2735	7
2736	5
2737	17
2738	5
2739	6
2740	8
2741	4
2742	6
2743	10
2744	10
2745	3
2746	5
2747	2
2748	11
2749	7
2750	4
2751	20
2752	4
2753	9
2754	9
2755	11
2756	11
2757	12
2758	6
2759	8
2760	6
2761	5
2762	10
2763	12
2764	7
2765	9
2766	12
2767	7
2768	8
2769	12
2770	6
2771	3
2772	14
2773	9
2774	9
2775	11
2776	8
2777	1
2778	6
2779	5
2780	5
2781	8
2782	16
2783	5
2784	8
2785	6
2786	14
2787	5
2788	8
2789	14
2790	12
2791	5
2792	7
2793	11
2794	6
2795	5
2796	11
2797	9
2798	4
2799	7
2800	10
2801	8
2802	8
2803	7
2804	12
2805	6
2806	4
2807	12
2808	9
2809	8
2810	13
2811	6
2812	8
2813	11
2814	12
2815	15
2816	7
2817	5
2818	9
2819	9
2820	12
2821	10
2822	7
2823	5
2824	6
2825	7
2826	11
2827	6
2828	3
2829	6
2830	8
2831	6
2832	6
2833	5
2834	9
2835	15
2836	7
2837	8
2838	16
2839	14
2840	7
2841	6
2842	9
2843	7
2844	7
2845	12
2846	16
2847	11
2848	9
2849	16
2850	11
2851	9
2852	14
2853	9
2854	11
2855	8
2856	7
2857	7
2858	10
2859	9
2860	6
2861	6
2862	18
2863	6
2864	3
2865	10
2866	5
2867	9
2868	8
2869	13
2870	5
2871	10
2872	12
2873	8
2874	7
2875	11
2876	9
2877	6
2878	14
2879	9
2880	9
2881	8
2882	5
2883	11
2884	11
2885	9
2886	11
2887	8
2888	12
2889	5
2890	14
2891	8
2892	7
2893	14
2894	4
2895	11
2896	8
2897	7
2898	11
2899	12
2900	8
2901	8
2902	6
2903	5
2904	11
2905	7
2906	7
2907	10
2908	10
2909	10
2910	8
2911	10
2912	3
2913	9
2914	6
2915	7
2916	7
2917	8
2918	8
2919	6
2920	8
2921	10
2922	4
2923	7
2924	8
2925	11
2926	6
2927	13
2928	5
2929	12
2930	6
2931	9
2932	9
2933	6
2934	6
2935	8
2936	7
2937	9
2938	8
2939	4
2940	14
2941	6
2942	6
2943	10
2944	11
2945	7
2946	5
2947	7
2948	8
2949	7
2950	6
2951	10
2952	5
2953	12
2954	6
2955	3
2956	6
2957	6
2958	13
2959	9
2960	5
2961	2
2962	5
2963	11
2964	6
2965	6
2966	11
2967	7
2968	8
2969	6
2970	8
2971	9
2972	9
2973	7
2974	9
2975	10
2976	5
2977	5
2978	8
2979	5
2980	6
2981	9
2982	11
2983	10
2984	6
2985	6
2986	4
2987	7
2988	5
2989	5
2990	10
2991	8
2992	6
2993	4
2994	11
2995	9
2996	9
2997	4
2998	6
2999	4
3000	13
3001	5
3002	9
3003	9
3004	7
3005	4
3006	8
3007	7
3008	7
3009	3
3010	5
3011	11
3012	6
3013	5
3014	6
3015	9
3016	7
3017	9
3018	5
3019	9
3020	7
3021	5
3022	4
3023	14
3024	4
3025	11
3026	8
3027	2
3028	5
3029	7
3030	2
3031	12
3032	1
3033	2
3034	3
3035	8
3036	2
3037	8
3038	6
3039	3
3040	4
3041	9
3042	9
3043	8
3044	5
3045	9
3046	7
3047	4
3048	8
3049	6
3050	5
3051	8
3052	9
3053	5
3054	2
3055	6
3056	4
3057	5
3058	8
3059	3
3060	7
3061	2
3062	3
3063	6
3064	8
3065	2
3066	7
3067	6
3068	5
3069	6
3070	4
3071	7
3072	3
3073	6
3074	5
3075	4
3076	9
3077	7
3078	7
3079	3
3080	3
3081	4
3082	5
3083	4
3084	3
3085	8
3086	3
3087	6
3088	7
3089	6
3090	4
3091	2
3092	6
3093	6
3094	5
3095	2
3096	11
3097	4
3098	4
3099	7
3100	4
3101	4
3102	5
3103	1
3104	6
3105	7
3106	7
3107	3
3108	2
3109	5
3110	2
3111	5
3112	7
3113	6
3114	7
3115	2
3116	8
3117	6
3118	4
3119	4
3120	6
3121	7
3122	4
3123	5
3124	3
3125	6
3126	4
3127	4
3128	5
3129	3
3130	3
3131	3
3132	5
3133	5
3134	4
3135	2
3136	4
3137	2
3138	6
3139	5
3140	4
3141	6
3142	8
3143	7
3144	3
3145	4
3146	5
3147	8
3148	5
3149	4
3150	6
3151	4
3152	2
3153	8
3154	2
3155	5
3156	5
3157	6
3158	2
3159	9
3160	5
3161	3
3162	8
3163	4
3164	5
3165	1
3166	4
3167	2
3168	4
3169	5
3170	3
3171	4
3172	6
3173	3
3174	6
3175	3
3176	7
3177	2
3178	3
3179	5
3180	7
3181	4
3182	6
3183	2
3184	5
3185	4
3186	3
3187	2
3188	4
3189	1
3190	7
3191	5
3192	3
3193	4
3194	7
3195	7
3196	4
3197	3
3198	3
3199	5
3200	6
3201	9
3202	2
3203	4
3204	3
3205	1
3206	6
3207	6
3208	5
3209	5
3210	3
3211	3
3212	2
3213	5
3214	1
3215	5
3216	3
3217	6
3218	2
3219	6
3220	6
3221	3
3222	5
3223	5
3224	6
3225	5
3226	5
3227	2
3228	2
3229	5
3230	5
3231	7
3232	7
3233	4
3234	2
3235	4
3236	4
3237	6
3238	5
3239	6
3240	4
3241	7
3242	2
3243	8
3244	7
3245	6
3246	7
3247	5
3248	8
3249	6
3250	5
3251	4
3252	4
3253	7
3254	3
3255	2
3256	2
3257	6
3258	3
3259	6
3260	7
3261	10
3262	5
3263	3
3264	3
3265	5
3266	7
3267	6
3268	5
3269	3
3270	2
3271	6
3272	5
3273	4
3274	6
3275	7
3276	1
3277	4
3278	5
3279	5
3280	5
3281	8
3282	2
3283	3
3284	6
3285	5
3286	5
3287	3
3288	4
3289	10
3290	3
3291	2
3292	5
3293	3
3294	3
3295	5
3296	6
3297	11
3298	7
3299	5
3300	4
3301	4
3302	2
3303	2
3304	5
3305	1
3306	3
3307	0
3308	8
3309	6
3310	9
3311	4
3312	6
3313	5
3314	3
3315	3
3316	6
3317	2
3318	4
3319	4
3320	4
3321	3
3322	7
3323	8
3324	9
3325	10
3326	7
3327	8
3328	6
3329	2
3330	7
3331	3
3332	6
3333	4
3334	5
3335	3
3336	4
3337	3
3338	4
3339	4
3340	5
3341	6
3342	9
3343	3
3344	9
3345	6
3346	4
3347	1
3348	4
3349	7
3350	6
3351	2
3352	5
3353	4
3354	1
3355	0
3356	6
3357	9
3358	7
3359	5
3360	6
3361	6
3362	6
3363	4
3364	7
3365	5
3366	15
3367	2
3368	5
3369	6
3370	7
3371	3
3372	6
3373	5
3374	10
3375	7
3376	6
3377	4
3378	6
3379	6
3380	4
3381	5
3382	3
3383	5
3384	6
3385	5
3386	1
3387	4
3388	9
3389	7
3390	3
3391	0
3392	5
3393	5
3394	2
3395	2
3396	3
3397	6
3398	9
3399	4
3400	8
3401	5
3402	4
3403	6
3404	7
3405	6
3406	4
3407	4
3408	3
3409	4
3410	10
3411	5
3412	7
3413	8
3414	7
3415	2
3416	4
3417	5
3418	1
3419	9
3420	4
3421	6
3422	5
3423	5
3424	3
3425	5
3426	3
3427	5
3428	6
3429	3
3430	3
3431	3
3432	4
3433	6
3434	6
3435	4
3436	6
3437	5
3438	3
3439	1
3440	3
3441	3
3442	4
3443	6
3444	2
3445	4
3446	6
3447	3
3448	6
3449	5
3450	2
3451	4
3452	7
3453	8
3454	1
3455	4
3456	2
3457	5
3458	9
3459	5
3460	0
3461	2
3462	5
3463	2
3464	3
3465	2
3466	0
3467	6
3468	3
3469	4
3470	6
3471	10
3472	3
3473	7
3474	2
3475	5
3476	8
3477	4
3478	0
3479	2
3480	0
3481	6
3482	2
3483	9
3484	5
3485	7
3486	4
3487	4
3488	6
3489	2
3490	6
3491	7
3492	1
3493	4
3494	6
3495	4
3496	1
3497	6
3498	3
3499	3
3500	7
3501	4
3502	5
3503	6
3504	4
3505	5
3506	6
3507	1
3508	5
3509	5
3510	4
3511	3
3512	5
3513	5
3514	5
3515	6
3516	2
3517	2
3518	4
3519	3
3520	4
3521	5
3522	4
3523	5
3524	5
3525	5
3526	3
3527	4
3528	6
3529	1
3530	3
3531	1
3532	1
3533	4
3534	4
3535	4
3536	6
3537	3
3538	3
3539	2
3540	4
3541	3
3542	3
3543	5
3544	2
3545	5
3546	5
3547	4
3548	6
3549	4
3550	5
3551	4
3552	1
3553	2
3554	2
3555	5
3556	5
3557	4
3558	6
3559	4
3560	1
3561	2
3562	1
3563	2
3564	0
3565	2
3566	2
3567	5
3568	6
3569	1
3570	4
3571	1
3572	2
3573	0
3574	1
3575	2
3576	2
3577	2
3578	4
3579	5
3580	4
3581	2
3582	3
3583	2
3584	3
3585	3
3586	7
3587	1
3588	3
3589	3
3590	2
3591	0
3592	3
3593	4
3594	1
3595	3
3596	3
3597	4
3598	3
3599	3
3600	6
3601	4
3602	4
3603	5
3604	1
3605	3
3606	3
3607	2
3608	5
3609	2
3610	2
3611	3
3612	4
3613	2
3614	4
3615	7
3616	3
3617	2
3618	3
3619	2
3620	7
3621	3
3622	2
3623	5
3624	2
3625	5
3626	3
3627	4
3628	7
3629	2
3630	2
3631	8
3632	4
3633	2
3634	1
3635	10
3636	3
3637	7
3638	3
3639	4
3640	6
3641	2
3642	4
3643	5
3644	0
3645	4
3646	3
3647	6
3648	1
3649	3
3650	5
3651	4
3652	6
3653	3
3654	8
3655	5
3656	5
3657	7
3658	3
3659	4
3660	0
3661	1
3662	3
3663	1
3664	8
3665	5
3666	1
3667	2
3668	5
3669	1
3670	5
3671	4
3672	5
3673	4
3674	1
3675	4
3676	5
3677	4
3678	2
3679	3
3680	3
3681	2
3682	4
3683	5
3684	7
3685	4
3686	3
3687	4
3688	1
3689	1
3690	3
3691	3
3692	1
3693	4
3694	4
3695	0
3696	2
3697	4
3698	5
3699	1
3700	5
3701	5
3702	0
3703	4
3704	2
3705	0
3706	0
3707	7
3708	1
3709	4
3710	2
3711	2
3712	2
3713	2
3714	1
3715	4
3716	6
3717	1
3718	10
3719	4
3720	4
3721	4
3722	5
3723	1
3724	9
3725	3
3726	4
3727	4
3728	2
3729	3
3730	1
3731	2
3732	3
3733	4
3734	2
3735	2
3736	6
3737	3
3738	3
3739	3
3740	2
3741	5
3742	2
3743	0
3744	1
3745	1
3746	2
3747	2
3748	3
3749	4
3750	6
3751	2
3752	2
3753	2
3754	0
3755	3
3756	1
3757	1
3758	2
3759	2
3760	2
3761	2
3762	1
3763	1
3764	1
3765	5
3766	2
3767	1
3768	4
3769	2
3770	1
3771	5
3772	6
3773	6
3774	1
3775	4
3776	5
3777	2
3778	1
3779	5
3780	0
3781	2
3782	1
3783	1
3784	4
3785	1
3786	0
3787	3
3788	3
3789	3
3790	2
3791	3
3792	7
3793	0
3794	4
3795	1
3796	3
3797	2
3798	5
3799	5
3800	4
3801	5
3802	3
3803	0
3804	2
3805	7
3806	2
3807	0
3808	5
3809	2
3810	3
3811	1
3812	1
3813	3
3814	4
3815	2
3816	3
3817	2
3818	5
3819	1
3820	2
3821	0
3822	4
3823	3
3824	2
3825	4
3826	4
3827	3
3828	4
3829	2
3830	2
3831	2
3832	1
3833	2
3834	2
3835	5
3836	4
3837	1
3838	3
3839	2
3840	3
3841	1
3842	5
3843	3
3844	5
3845	3
3846	2
3847	6
3848	3
3849	6
3850	2
3851	2
3852	2
3853	1
3854	2
3855	5
3856	1
3857	1
3858	4
3859	2
3860	0
3861	6
3862	3
3863	3
3864	3
3865	3
3866	1
3867	3
3868	1
3869	2
3870	6
3871	1
3872	1
3873	2
3874	4
3875	1
3876	6
3877	2
3878	2
3879	3
3880	5
3881	2
3882	2
3883	3
3884	2
3885	0
3886	4
3887	3
3888	3
3889	8
3890	0
3891	3
3892	2
3893	4
3894	1
3895	5
3896	3
3897	1
3898	4
3899	2
3900	2
3901	6
3902	4
3903	2
3904	3
3905	1
3906	4
3907	4
3908	4
3909	4
3910	2
3911	1
3912	3
3913	4
3914	4
3915	3
3916	4
3917	2
3918	0
3919	5
3920	1
3921	2
3922	2
3923	1
3924	6
3925	3
3926	2
3927	1
3928	6
3929	1
3930	1
3931	2
3932	2
3933	3
3934	4
3935	4
3936	2
3937	2
3938	2
3939	6
3940	8
3941	7
3942	4
3943	7
3944	6
3945	4
3946	6
3947	5
3948	3
3949	3
3950	4
3951	6
3952	4
3953	4
3954	5
3955	2
3956	2
3957	4
3958	4
3959	4
3960	4
3961	6
3962	3
3963	5
3964	3
3965	5
3966	4
3967	3
3968	3
3969	6
3970	2
3971	3
3972	6
3973	2
3974	2
3975	5
3976	5
3977	5
3978	4
3979	1
3980	5
3981	4
3982	3
3983	4
3984	3
3985	11
3986	3
3987	3
3988	9
3989	4
3990	3
3991	5
3992	2
3993	5
3994	1
3995	2
3996	5
3997	4
3998	1
3999	5
4000	4
4001	6
4002	4
4003	4
4004	7
4005	4
4006	3
4007	8
4008	6
4009	4
4010	3
4011	3
4012	1
4013	2
4014	4
4015	4
4016	4
4017	9
4018	3
4019	5
4020	6
4021	4
4022	5
4023	7
4024	5
4025	7
4026	4
4027	4
4028	6
4029	2
4030	7
4031	4
4032	5
4033	5
4034	4
4035	8
4036	3
4037	4
4038	5
4039	4
4040	4
4041	4
4042	2
4043	3
4044	6
4045	6
4046	6
4047	9
4048	2
4049	4
4050	7
4051	6
4052	3
4053	5
4054	3
4055	3
4056	7
4057	1
4058	8
4059	6
4060	7
4061	9
4062	3
4063	5
4064	4
4065	1
4066	5
4067	5
4068	7
4069	8
4070	5
4071	9
4072	5
4073	0
4074	6
4075	3
4076	5
4077	9
4078	9
4079	6
4080	7
4081	12
4082	3
4083	4
4084	6
4085	4
4086	4
4087	1
4088	4
4089	8
4090	3
4091	5
4092	3
4093	4
4094	7
4095	4
4096	13
4097	16
4098	5
4099	8
4100	4
4101	4
4102	12
4103	5
4104	10
4105	4
4106	7
4107	7
4108	6
4109	3
4110	6
4111	9
4112	6
4113	4
4114	3
4115	3
4116	9
4117	8
4118	11
4119	13
4120	7
4121	6
4122	2
4123	4
4124	7
4125	6
4126	7
4127	6
4128	6
4129	10
4130	6
4131	7
4132	5
4133	9
4134	6
4135	10
4136	11
4137	7
4138	10
4139	6
4140	7
4141	12
4142	6
4143	7
4144	9
4145	3
4146	5
4147	7
4148	6
4149	11
4150	14
4151	3
4152	3
4153	7
4154	19
4155	11
4156	2
4157	9
4158	6
4159	10
4160	3
4161	9
4162	10
4163	5
4164	4
4165	8
4166	6
4167	7
4168	2
4169	5
4170	7
4171	9
4172	5
4173	8
4174	5
4175	9
4176	12
4177	7
4178	6
4179	4
4180	2
4181	14
4182	7
4183	10
4184	5
4185	7
4186	11
4187	8
4188	7
4189	13
4190	10
4191	5
4192	3
4193	6
4194	10
4195	8
4196	8
4197	5
4198	5
4199	3
4200	7
4201	8
4202	7
4203	1
4204	5
4205	3
4206	6
4207	8
4208	5
4209	8
4210	8
4211	10
4212	8
4213	12
4214	10
4215	10
4216	6
4217	6
4218	10
4219	7
4220	9
4221	8
4222	5
4223	3
4224	10
4225	5
4226	5
4227	7
4228	3
4229	10
4230	8
4231	7
4232	5
4233	7
4234	5
4235	10
4236	15
4237	9
4238	5
4239	3
4240	7
4241	7
4242	5
4243	7
4244	5
4245	10
4246	8
4247	2
4248	11
4249	9
4250	8
4251	7
4252	8
4253	4
4254	8
4255	6
4256	2
4257	4
4258	5
4259	4
4260	2
4261	8
4262	5
4263	5
4264	5
4265	11
4266	9
4267	7
4268	2
4269	7
4270	3
4271	4
4272	10
4273	5
4274	1
4275	4
4276	4
4277	5
4278	7
4279	9
4280	7
4281	4
4282	6
4283	4
4284	5
4285	4
4286	3
4287	4
4288	4
4289	7
4290	1
4291	2
4292	0
4293	6
4294	5
4295	6
4296	7
4297	4
4298	9
4299	7
4300	3
4301	3
4302	6
4303	3
4304	4
4305	4
4306	12
4307	1
4308	7
4309	2
4310	2
4311	5
4312	6
4313	4
4314	5
4315	2
4316	3
4317	4
4318	6
4319	2
4320	2
4321	4
4322	3
4323	2
4324	4
4325	2
4326	5
4327	3
4328	3
4329	1
4330	1
4331	4
4332	5
4333	2
4334	4
4335	3
4336	2
4337	5
4338	2
4339	1
4340	1
4341	3
4342	3
4343	4
4344	1
4345	1
4346	2
4347	6
4348	4
4349	3
4350	5
4351	1
4352	6
4353	2
4354	2
4355	3
4356	2
4357	4
4358	4
4359	2
4360	4
4361	2
4362	8
4363	1
4364	3
4365	5
4366	3
4367	5
4368	0
4369	1
4370	2
4371	1
4372	0
4373	0
4374	3
4375	1
4376	2
4377	1
4378	0
4379	0
4380	3
4381	1
4382	1
4383	3
4384	2
4385	3
4386	4
4387	0
4388	1
4389	2
4390	2
4391	2
4392	2
4393	2
4394	3
4395	1
4396	2
4397	2
4398	3
4399	4
4400	1
4401	2
4402	1
4403	4
4404	0
4405	1
4406	2
4407	1
4408	3
4409	3
4410	3
4411	1
4412	1
4413	1
4414	3
4415	0
4416	2
4417	4
4418	0
4419	1
4420	2
4421	2
4422	3
4423	2
4424	0
4425	3
4426	2
4427	0
4428	3
4429	2
4430	1
4431	1
4432	1
4433	3
4434	3
4435	1
4436	1
4437	0
4438	4
4439	1
4440	3
4441	2
4442	3
4443	0
4444	1
4445	2
4446	2
4447	2
4448	1
4449	1
4450	0
4451	4
4452	1
4453	3
4454	5
4455	1
4456	1
4457	1
4458	2
4459	0
4460	1
4461	0
4462	2
4463	1
4464	0
4465	2
4466	1
4467	2
4468	2
4469	1
4470	3
4471	2
4472	2
4473	2
4474	6
4475	4
4476	1
4477	4
4478	1
4479	3
4480	1
4481	1
4482	1
4483	1
4484	3
4485	0
4486	0
4487	1
4488	1
4489	1
4490	1
4491	1
4492	1
4493	0
4494	2
4495	3
4496	3
4497	3
4498	2
4499	0
4500	2
4501	3
4502	1
4503	2
4504	1
4505	1
4506	1
4507	5
4508	1
4509	1
4510	2
4511	1
4512	1
4513	0
4514	0
4515	0
4516	0
4517	2
4518	1
4519	2
4520	0
4521	2
4522	4
4523	1
4524	2
4525	3
4526	0
4527	3
4528	1
4529	2
4530	0
4531	1
4532	1
4533	1
4534	1
4535	3
4536	0
4537	1
4538	2
4539	0
4540	1
4541	1
4542	5
4543	0
4544	3
4545	1
4546	2
4547	1
4548	1
4549	3
4550	4
4551	1
4552	1
4553	1
4554	1
4555	0
4556	1
4557	4
4558	2
4559	3
4560	2
4561	0
4562	2
4563	3
4564	2
4565	1
4566	0
4567	0
4568	1
4569	0
4570	1
4571	2
4572	3
4573	3
4574	0
4575	1
4576	3
4577	2
4578	1
4579	1
4580	1
4581	1
4582	0
4583	0
4584	1
4585	1
4586	1
4587	2
4588	4
4589	2
4590	1
4591	1
4592	2
4593	2
4594	1
4595	3
4596	4
4597	1
4598	1
4599	0
4600	1
4601	1
4602	3
4603	1
4604	1
4605	4
4606	1
4607	1
4608	2
4609	1
4610	1
4611	2
4612	0
4613	1
4614	1
4615	2
4616	1
4617	4
4618	1
4619	0
4620	0
4621	1
4622	1
4623	0
4624	2
4625	2
4626	1
4627	0
4628	1
4629	2
4630	1
4631	4
4632	0
4633	2
4634	0
4635	1
4636	0
4637	1
4638	1
4639	1
4640	2
4641	0
4642	4
4643	1
4644	3
4645	0
4646	2
4647	2
4648	2
4649	3
4650	1
4651	1
4652	2
4653	1
4654	3
4655	1
4656	1
4657	2
4658	4
4659	0
4660	0
4661	0
4662	0
4663	0
4664	2
4665	2
4666	1
4667	1
4668	1
4669	0
4670	0
4671	1
4672	1
4673	0
4674	1
4675	1
4676	0
4677	1
4678	2
4679	0
4680	1
4681	2
4682	0
4683	3
4684	2
4685	2
4686	0
4687	1
4688	0
4689	0
4690	0
4691	3
4692	1
4693	4
4694	1
4695	1
4696	1
4697	0
4698	0
4699	2
4700	0
4701	2
4702	0
4703	2
4704	0
4705	0
4706	1
4707	3
4708	0
4709	2
4710	6
4711	4
4712	2
4713	1
4714	0
4715	1
4716	2
4717	1
4718	2
4719	0
4720	3
4721	1
4722	1
4723	1
4724	1
4725	1
4726	0
4727	1
4728	1
4729	1
4730	0
4731	2
4732	1
4733	0
4734	1
4735	0
4736	1
4737	1
4738	3
4739	1
4740	4
4741	1
4742	1
4743	3
4744	2
4745	1
4746	1
4747	1
4748	2
4749	4
4750	0
4751	1
4752	0
4753	2
4754	1
4755	2
4756	1
4757	3
4758	0
4759	2
4760	1
4761	3
4762	7
4763	1
4764	2
4765	1
4766	0
4767	1
4768	2
4769	1
4770	0
4771	1
4772	1
4773	1
4774	1
4775	4
4776	2
4777	1
4778	1
4779	1
4780	2
4781	1
4782	1
4783	1
4784	1
4785	1
4786	1
4787	0
4788	1
4789	0
4790	2
4791	4
4792	0
4793	1
4794	2
4795	1
4796	1
4797	1
4798	2
4799	1
4800	3
4801	0
4802	3
4803	0
4804	3
4805	1
4806	2
4807	0
4808	2
4809	2
4810	2
4811	1
4812	2
4813	0
4814	1
4815	2
4816	0
4817	2
4818	0
4819	4
4820	1
4821	2
4822	3
4823	0
4824	1
4825	1
4826	0
4827	2
4828	1
4829	2
4830	3
4831	2
4832	0
4833	0
4834	1
4835	0
4836	2
4837	1
4838	3
4839	1
4840	2
4841	3
4842	1
4843	2
4844	1
4845	1
4846	1
4847	1
4848	2
4849	3
4850	3
4851	2
4852	0
4853	1
4854	1
4855	3
4856	1
4857	1
4858	1
4859	2
4860	2
4861	4
4862	1
4863	0
4864	1
4865	1
4866	1
4867	2
4868	0
4869	3
4870	0
4871	2
4872	2
4873	3
4874	2
4875	2
4876	0
4877	1
4878	3
4879	0
4880	4
4881	3
4882	1
4883	1
4884	1
4885	1
4886	1
4887	1
4888	4
4889	1
4890	1
4891	1
4892	0
4893	1
4894	3
4895	0
4896	2
4897	2
4898	2
4899	0
4900	1
4901	2
4902	0
4903	3
4904	3
4905	0
4906	0
4907	2
4908	1
4909	2
4910	1
4911	5
4912	1
4913	3
4914	1
4915	4
4916	0
4917	1
4918	1
4919	1
4920	1
4921	2
4922	6
4923	3
4924	1
4925	1
4926	2
4927	2
4928	0
4929	2
4930	2
4931	0
4932	2
4933	2
4934	2
4935	4
4936	0
4937	1
4938	3
4939	2
4940	1
4941	1
4942	2
4943	1
4944	0
4945	3
4946	3
4947	3
4948	0
4949	2
4950	2
4951	3
4952	2
4953	1
4954	3
4955	2
4956	1
4957	3
4958	2
4959	0
4960	1
4961	0
4962	0
4963	2
4964	3
4965	2
4966	5
4967	1
4968	3
4969	4
4970	2
4971	1
4972	0
4973	2
4974	0
4975	1
4976	0
4977	2
4978	1
4979	1
4980	1
4981	2
4982	1
4983	4
4984	1
4985	3
4986	4
4987	1
4988	1
4989	0
4990	2
4991	1
4992	1
4993	1
4994	2
4995	2
4996	1
4997	1
4998	2
4999	2
5000	0
5001	0
5002	1
5003	1
5004	4
5005	1
5006	1
5007	2
5008	2
5009	2
5010	0
5011	3
5012	3
5013	1
5014	1
5015	3
5016	1
5017	0
5018	3
5019	2
5020	3
5021	3
5022	2
5023	1
5024	3
5025	1
5026	0
5027	2
5028	1
5029	0
5030	1
5031	2
5032	0
5033	4
5034	0
5035	1
5036	1
5037	2
5038	0
5039	0
5040	1
5041	1
5042	3
5043	2
5044	3
5045	1
5046	1
5047	0
5048	0
5049	2
5050	0
5051	0
5052	0
5053	0
5054	1
5055	2
5056	1
5057	0
5058	3
5059	1
5060	1
5061	1
5062	0
5063	1
5064	1
5065	2
5066	0
5067	1
5068	2
5069	1
5070	1
5071	0
5072	4
5073	2
5074	0
5075	3
5076	2
5077	0
5078	0
5079	0
5080	3
5081	0
5082	3
5083	4
5084	0
5085	1
5086	1
5087	1
5088	1
5089	0
5090	4
5091	3
5092	1
5093	2
5094	0
5095	1
5096	0
5097	0
5098	3
5099	0
5100	1
5101	1
5102	0
5103	1
5104	1
5105	2
5106	2
5107	2
5108	2
5109	0
5110	0
5111	3
5112	0
5113	0
5114	2
5115	2
5116	3
5117	0
5118	2
5119	0
5120	1
5121	0
5122	0
5123	1
5124	3
5125	0
5126	0
5127	0
5128	0
5129	2
5130	1
5131	1
5132	0
5133	1
5134	0
5135	2
5136	0
5137	0
5138	1
5139	0
5140	1
5141	0
5142	0
5143	3
5144	0
5145	1
5146	1
5147	0
5148	1
5149	2
5150	2
5151	0
5152	2
5153	1
5154	2
5155	0
5156	2
5157	0
5158	0
5159	0
5160	2
5161	1
5162	0
5163	1
5164	0
5165	1
5166	1
5167	1
5168	1
5169	2
5170	2
5171	1
5172	1
5173	0
5174	2
5175	0
5176	2
5177	0
5178	0
5179	2
5180	0
5181	1
5182	0
5183	2
5184	0
5185	0
5186	0
5187	0
5188	0
5189	0
5190	2
5191	0
5192	0
5193	0
5194	0
5195	0
5196	0
5197	1
5198	1
5199	2
5200	0
5201	1
5202	2
5203	3
5204	1
5205	0
5206	1
5207	1
5208	1
5209	1
5210	1
5211	0
5212	3
5213	0
5214	0
5215	2
5216	1
5217	0
5218	1
5219	0
5220	0
5221	0
5222	1
5223	2
5224	0
5225	1
5226	0
5227	0
5228	0
5229	1
5230	0
5231	2
5232	0
5233	0
5234	0
5235	1
5236	2
5237	1
5238	1
5239	1
5240	0
5241	1
5242	0
5243	0
5244	0
5245	1
5246	0
5247	2
5248	2
5249	0
5250	0
5251	1
5252	1
5253	1
5254	0
5255	2
5256	1
5257	0
5258	1
5259	0
5260	0
5261	0
5262	1
5263	0
5264	2
5265	0
5266	0
5267	1
5268	0
5269	0
5270	0
5271	1
5272	0
5273	1
5274	1
5275	0
5276	0
5277	1
5278	0
5279	1
5280	0
5281	1
5282	0
5283	1
5284	0
5285	4
5286	2
5287	0
5288	2
5289	0
5290	1
5291	1
5292	2
5293	1
5294	0
5295	0
5296	1
5297	1
5298	0
5299	0
5300	1
5301	1
5302	1
5303	1
5304	0
5305	1
5306	1
5307	0
5308	1
5309	2
5310	2
5311	2
5312	0
5313	1
5314	3
5315	1
5316	0
5317	1
5318	1
5319	1
5320	0
5321	1
5322	3
5323	3
5324	0
5325	1
5326	0
5327	1
5328	1
5329	0
5330	2
5331	1
5332	0
5333	0
5334	1
5335	0
5336	0
5337	0
5338	0
5339	0
5340	0
5341	0
5342	1
5343	1
5344	1
5345	0
5346	0
5347	0
5348	0
5349	0
5350	1
5351	1
5352	1
5353	0
5354	2
5355	1
5356	0
5357	0
5358	1
5359	1
5360	0
5361	1
5362	0
5363	0
5364	0
5365	1
5366	2
5367	1
5368	0
5369	0
5370	0
5371	1
5372	0
5373	0
5374	0
5375	0
5376	1
5377	0
5378	1
5379	1
5380	1
5381	0
5382	1
5383	1
5384	0
5385	1
5386	0
5387	0
5388	0
5389	0
5390	1
5391	2
5392	0
5393	0
5394	0
5395	2
5396	1
5397	0
5398	1
5399	0
5400	0
5401	1
5402	0
5403	1
5404	1
5405	1
5406	0
5407	0
5408	2
5409	1
5410	0
5411	0
5412	1
5413	0
5414	1
5415	2
5416	0
5417	1
5418	0
5419	1
5420	0
5421	2
5422	2
5423	1
5424	0
5425	0
5426	0
5427	0
5428	0
5429	2
5430	2
5431	0
5432	0
5433	0
5434	0
5435	0
5436	1
5437	1
5438	0
5439	1
5440	2
5441	0
5442	0
5443	0
5444	1
5445	0
5446	0
5447	0
5448	0
5449	0
5450	1
5451	0
5452	1
5453	0
5454	1
5455	1
5456	0
5457	0
5458	0
5459	0
5460	0
5461	0
5462	0
5463	0
5464	0
5465	0
5466	0
5467	2
5468	3
5469	0
5470	0
5471	1
5472	0
5473	0
5474	1
5475	0
5476	0
5477	2
5478	0
5479	0
5480	1
5481	2
5482	0
5483	1
5484	0
5485	1
5486	0
5487	1
5488	2
5489	0
5490	0
5491	0
5492	0
5493	0
5494	1
5495	0
5496	0
5497	3
5498	2
5499	1
5500	1
5501	0
5502	0
5503	1
5504	2
5505	0
5506	0
5507	1
5508	1
5509	1
5510	1
5511	2
5512	1
5513	0
5514	2
5515	0
5516	2
5517	0
5518	0
5519	3
5520	1
5521	1
5522	0
5523	0
5524	3
5525	0
5526	0
5527	0
5528	0
5529	1
5530	1
5531	0
5532	0
5533	2
5534	0
5535	1
5536	1
5537	0
5538	1
5539	1
5540	0
5541	1
5542	1
5543	0
5544	0
5545	0
5546	0
5547	2
5548	0
5549	1
5550	0
5551	0
5552	0
5553	0
5554	0
5555	0
5556	1
5557	0
5558	1
5559	0
5560	2
5561	0
5562	2
5563	2
5564	0
5565	1
5566	1
5567	1
5568	1
5569	1
5570	1
5571	1
5572	2
5573	5
5574	1
5575	0
5576	3
5577	0
5578	0
5579	0
5580	0
5581	0
5582	0
5583	0
5584	1
5585	0
5586	0
5587	2
5588	0
5589	0
5590	0
5591	0
5592	2
5593	0
5594	2
5595	0
5596	0
5597	1
5598	0
5599	1
5600	0
5601	1
5602	1
5603	2
5604	0
5605	1
5606	0
5607	0
5608	0
5609	2
5610	0
5611	1
5612	0
5613	2
5614	0
5615	2
5616	3
5617	0
5618	0
5619	1
5620	1
5621	1
5622	2
5623	0
5624	0
5625	2
5626	0
5627	1
5628	2
5629	0
5630	1
5631	2
5632	0
5633	0
5634	0
5635	1
5636	1
5637	2
5638	1
5639	2
5640	1
5641	0
5642	0
5643	1
5644	0
5645	0
5646	1
5647	0
5648	0
5649	0
5650	0
5651	1
5652	0
5653	0
5654	1
5655	2
5656	1
5657	0
5658	1
5659	1
5660	2
5661	0
5662	2
5663	1
5664	0
5665	2
5666	1
5667	0
5668	0
5669	2
5670	0
5671	1
5672	0
5673	1
5674	0
5675	2
5676	2
5677	0
5678	1
5679	2
5680	2
5681	1
5682	0
5683	2
5684	1
5685	2
5686	1
5687	1
5688	1
5689	0
5690	0
5691	0
5692	0
5693	1
5694	3
5695	0
5696	2
5697	0
5698	1
5699	1
5700	0
5701	0
5702	0
5703	0
5704	0
5705	1
5706	0
5707	0
5708	0
5709	1
5710	1
5711	0
5712	1
5713	1
5714	1
5715	0
5716	0
5717	0
5718	0
5719	0
5720	3
5721	0
5722	0
5723	0
5724	1
5725	1
5726	1
5727	2
5728	1
5729	0
5730	2
5731	1
5732	0
5733	1
5734	1
5735	0
5736	2
5737	1
5738	3
5739	0
5740	0
5741	1
5742	0
5743	1
5744	1
5745	0
5746	1
5747	1
5748	0
5749	0
5750	2
5751	1
5752	0
5753	0
5754	0
5755	1
5756	1
5757	1
5758	3
5759	0
5760	2
5761	0
5762	1
5763	0
5764	0
5765	1
5766	1
5767	0
5768	3
5769	1
5770	1
5771	0
5772	0
5773	2
5774	2
5775	3
5776	0
5777	1
5778	2
5779	0
5780	1
5781	1
5782	2
5783	0
5784	2
5785	2
5786	0
5787	1
5788	2
5789	2
5790	1
5791	2
5792	0
5793	0
5794	1
5795	0
5796	0
5797	0
5798	0
5799	2
5800	2
5801	2
5802	1
5803	0
5804	0
5805	1
5806	2
5807	2
5808	1
5809	0
5810	0
5811	0
5812	2
5813	2
5814	3
5815	0
5816	4
5817	0
5818	1
5819	1
5820	1
5821	0
5822	1
5823	0
5824	1
5825	0
5826	0
5827	2
5828	0
5829	2
5830	1
5831	1
5832	1
5833	1
5834	0
5835	2
5836	1
5837	1
5838	0
5839	1
5840	0
5841	2
5842	1
5843	2
5844	3
5845	0
5846	0
5847	1
5848	0
5849	0
5850	0
5851	0
5852	0
5853	1
5854	0
5855	3
5856	1
5857	0
5858	0
5859	1
5860	0
5861	0
5862	2
5863	0
5864	1
5865	2
5866	2
5867	1
5868	4
5869	1
5870	3
5871	2
5872	1
5873	0
5874	1
5875	0
5876	0
5877	2
5878	1
5879	0
5880	1
5881	1
5882	1
5883	0
5884	2
5885	1
5886	1
5887	1
5888	0
5889	3
5890	1
5891	2
5892	1
5893	2
5894	1
5895	0
5896	1
5897	1
5898	0
5899	0
5900	1
5901	3
5902	1
5903	1
5904	1
5905	0
5906	3
5907	1
5908	0
5909	1
5910	2
5911	2
5912	0
5913	0
5914	1
5915	1
5916	1
5917	0
5918	1
5919	1
5920	0
5921	1
5922	2
5923	2
5924	2
5925	0
5926	1
5927	1
5928	1
5929	4
5930	0
5931	0
5932	0
5933	0
5934	1
5935	1
5936	0
5937	2
5938	0
5939	0
5940	2
5941	1
5942	2
5943	1
5944	0
5945	0
5946	0
5947	2
5948	1
5949	1
5950	1
5951	3
5952	1
5953	2
5954	1
5955	0
5956	2
5957	0
5958	1
5959	1
5960	2
5961	2
5962	1
5963	0
5964	1
5965	0
5966	1
5967	0
5968	0
5969	0
5970	2
5971	0
5972	1
5973	1
5974	2
5975	1
5976	1
5977	0
5978	0
5979	0
5980	3
5981	0
5982	1
5983	3
5984	1
5985	2
5986	1
5987	2
5988	1
5989	0
5990	0
5991	1
5992	0
5993	3
5994	2
5995	2
5996	0
5997	1
5998	0
5999	0
6000	0
6001	1
6002	0
6003	0
6004	0
6005	1
6006	2
6007	1
6008	1
6009	2
6010	0
6011	1
6012	0
6013	2
6014	0
6015	1
6016	0
6017	1
6018	1
6019	0
6020	2
6021	0
6022	0
6023	0
6024	2
6025	1
6026	1
6027	0
6028	1
6029	2
6030	0
6031	0
6032	1
6033	0
6034	1
6035	3
6036	2
6037	0
6038	1
6039	1
6040	0
6041	1
6042	2
6043	0
6044	0
6045	2
6046	2
6047	3
6048	0
6049	0
6050	0
6051	0
6052	1
6053	1
6054	0
6055	1
6056	0
6057	1
6058	1
6059	0
6060	0
6061	0
6062	1
6063	1
6064	1
6065	0
6066	0
6067	0
6068	2
6069	3
6070	0
6071	1
6072	0
6073	0
6074	0
6075	1
6076	1
6077	3
6078	0
6079	0
6080	2
6081	1
6082	0
6083	1
6084	2
6085	0
6086	0
6087	1
6088	0
6089	0
6090	1
6091	3
6092	0
6093	2
6094	1
6095	2
6096	0
6097	1
6098	3
6099	0
6100	1
6101	3
6102	1
6103	0
6104	2
6105	0
6106	0
6107	0
6108	0
6109	0
6110	1
6111	1
6112	0
6113	1
6114	0
6115	0
6116	1
6117	0
6118	0
6119	3
6120	0
6121	2
6122	1
6123	1
6124	0
6125	0
6126	0
6127	1
6128	0
6129	0
6130	1
6131	0
6132	0
6133	0
6134	0
6135	2
6136	0
6137	0
6138	0
6139	1
6140	2
6141	1
6142	0
6143	0
6144	1
6145	2
6146	0
6147	0
6148	0
6149	0
6150	2
6151	0
6152	0
6153	1
6154	1
6155	1
6156	0
6157	2
6158	0
6159	3
6160	0
6161	1
6162	0
6163	0
6164	1
6165	0
6166	0
6167	1
6168	0
6169	0
6170	0
6171	2
6172	0
6173	1
6174	1
6175	0
6176	0
6177	0
6178	0
6179	1
6180	1
6181	2
6182	0
6183	1
6184	0
6185	1
6186	1
6187	0
6188	1
6189	1
6190	0
6191	0
6192	0
6193	2
6194	2
6195	0
6196	1
6197	4
6198	0
6199	0
6200	0
6201	1
6202	1
6203	1
6204	0
6205	3
6206	0
6207	1
6208	3
6209	0
6210	1
6211	0
6212	2
6213	0
6214	1
6215	0
6216	1
6217	2
6218	3
6219	0
6220	0
6221	1
6222	0
6223	0
6224	1
6225	1
6226	0
6227	1
6228	0
6229	1
6230	1
6231	1
6232	1
6233	0
6234	0
6235	0
6236	0
6237	0
6238	1
6239	0
6240	1
6241	0
6242	2
6243	0
6244	2
6245	0
6246	0
6247	0
6248	0
6249	1
6250	0
6251	0
6252	3
6253	1
6254	0
6255	0
6256	0
6257	0
6258	0
6259	0
6260	1
6261	0
6262	0
6263	1
6264	0
6265	1
6266	0
6267	0
6268	0
6269	1
6270	0
6271	0
6272	0
6273	1
6274	1
6275	1
6276	1
6277	0
6278	0
6279	0
6280	0
6281	0
6282	0
6283	1
6284	2
6285	0
6286	2
6287	1
6288	1
6289	0
6290	0
6291	0
6292	0
6293	1
6294	1
6295	0
6296	1
6297	3
6298	1
6299	2
6300	2
6301	0
6302	1
6303	0
6304	0
6305	0
6306	0
6307	0
6308	2
6309	0
6310	0
6311	0
6312	0
6313	3
6314	0
6315	0
6316	0
6317	1
6318	0
6319	0
6320	1
6321	0
6322	0
6323	0
6324	0
6325	0
6326	1
6327	0
6328	0
6329	0
6330	1
6331	2
6332	0
6333	0
6334	0
6335	0
6336	1
6337	0
6338	0
6339	1
6340	2
6341	0
6342	1
6343	0
6344	0
6345	0
6346	0
6347	0
6348	0
6349	1
6350	0
6351	0
6352	0
6353	0
6354	0
6355	0
6356	0
6357	0
6358	1
6359	0
6360	2
6361	0
6362	1
6363	2
6364	0
6365	0
6366	0
6367	0
6368	0
6369	1
6370	0
6371	0
6372	0
6373	0
6374	1
6375	0
6376	0
6377	1
6378	0
6379	1
6380	0
6381	2
6382	0
6383	0
6384	0
6385	1
6386	0
6387	1
6388	1
6389	0
6390	1
6391	2
6392	0
6393	2
6394	1
6395	1
6396	2
6397	0
6398	0
6399	0
6400	0
6401	1
6402	0
6403	0
6404	1
6405	1
6406	0
6407	0
6408	0
6409	0
6410	0
6411	0
6412	0
6413	3
6414	1
6415	1
6416	0
6417	1
6418	0
6419	0
6420	0
6421	0
6422	0
6423	1
6424	0
6425	0
6426	0
6427	2
6428	0
6429	0
6430	0
6431	0
6432	0
6433	0
6434	0
6435	1
6436	0
6437	1
6438	0
6439	0
6440	1
6441	0
6442	0
6443	1
6444	1
6445	3
6446	1
6447	1
6448	0
6449	1
6450	0
6451	0
6452	1
6453	0
6454	1
6455	1
6456	1
6457	3
6458	1
6459	0
6460	0
6461	0
6462	1
6463	0
6464	0
6465	0
6466	0
6467	0
6468	0
6469	1
6470	0
6471	0
6472	0
6473	0
6474	1
6475	0
6476	0
6477	0
6478	0
6479	1
6480	0
6481	0
6482	0
6483	0
6484	0
6485	1
6486	0
6487	0
6488	1
6489	2
6490	0
6491	0
6492	1
6493	0
6494	0
6495	1
6496	0
6497	1
6498	0
6499	0
6500	0
6501	1
6502	0
6503	0
6504	0
6505	1
6506	2
6507	0
6508	0
6509	2
6510	1
6511	0
6512	0
6513	0
6514	1
6515	1
6516	0
6517	1
6518	1
6519	0
6520	1
6521	0
6522	1
6523	0
6524	1
6525	0
6526	0
6527	0
6528	0
6529	0
6530	2
6531	1
6532	0
6533	0
6534	0
6535	0
6536	1
6537	0
6538	0
6539	0
6540	0
6541	0
6542	0
6543	2
6544	1
6545	0
6546	0
6547	1
6548	0
6549	0
6550	0
6551	0
6552	0
6553	0
6554	2
6555	0
6556	0
6557	1
6558	0
6559	1
6560	0
6561	1
6562	0
6563	1
6564	0
6565	1
6566	1
6567	1
6568	1
6569	0
6570	0
6571	0
6572	0
6573	1
6574	1
6575	0
6576	0
6577	0
6578	0
6579	1
6580	1
6581	1
6582	1
6583	0
6584	0
6585	0
6586	2
6587	0
6588	3
6589	0
6590	0
6591	0
6592	0
6593	0
6594	1
6595	0
6596	2
6597	1
6598	0
6599	0
6600	0
6601	1
6602	0
6603	1
6604	1
6605	1
6606	0
6607	1
6608	3
6609	0
6610	0
6611	1
6612	1
6613	2
6614	1
6615	0
6616	0
6617	1
6618	0
6619	0
6620	0
6621	0
6622	1
6623	1
6624	0
6625	0
6626	0
6627	0
6628	2
6629	1
6630	1
6631	0
6632	0
6633	2
6634	0
6635	2
6636	1
6637	0
6638	1
6639	1
6640	0
6641	0
6642	0
6643	1
6644	0
6645	0
6646	2
6647	0
6648	0
6649	0
6650	0
6651	2
6652	0
6653	0
6654	1
6655	0
6656	1
6657	3
6658	0
6659	0
6660	0
6661	0
6662	0
6663	0
6664	0
6665	0
6666	0
6667	0
6668	1
6669	0
6670	0
6671	0
6672	0
6673	1
6674	0
6675	0
6676	1
6677	1
6678	1
6679	0
6680	0
6681	1
6682	0
6683	1
6684	0
6685	1
6686	2
6687	1
6688	0
6689	0
6690	0
6691	2
6692	2
6693	0
6694	2
6695	1
6696	1
6697	0
6698	0
6699	1
6700	0
6701	0
6702	0
6703	2
6704	0
6705	1
6706	0
6707	1
6708	1
6709	1
6710	1
6711	0
6712	0
6713	0
6714	0
6715	0
6716	0
6717	0
6718	0
6719	1
6720	1
6721	0
6722	0
6723	1
6724	0
6725	0
6726	1
6727	2
6728	0
6729	1
6730	0
6731	0
6732	0
6733	0
6734	0
6735	1
6736	1
6737	0
6738	0
6739	0
6740	1
6741	0
6742	0
6743	1
6744	1
6745	0
6746	1
6747	1
6748	1
6749	0
6750	0
6751	1
6752	5
6753	0
6754	0
6755	1
6756	2
6757	0
6758	1
6759	1
6760	0
6761	0
6762	2
6763	0
6764	0
6765	0
6766	1
6767	0
6768	0
6769	0
6770	0
6771	0
6772	0
6773	0
6774	0
6775	1
6776	0
6777	1
6778	0
6779	0
6780	1
6781	0
6782	0
6783	0
6784	0
6785	0
6786	1
6787	0
6788	1
6789	1
6790	0
6791	1
6792	1
6793	0
6794	0
6795	0
6796	0
6797	0
6798	1
6799	2
6800	1
6801	0
6802	0
6803	1
6804	1
6805	3
6806	0
6807	1
6808	0
6809	2
6810	2
6811	0
6812	2
6813	1
6814	1
6815	1
6816	2
6817	1
6818	0
6819	1
6820	2
6821	1
6822	1
6823	2
6824	0
6825	0
6826	2
6827	1
6828	0
6829	2
6830	1
6831	1
6832	1
6833	0
6834	0
6835	0
6836	0
6837	0
6838	1
6839	1
6840	1
6841	1
6842	0
6843	2
6844	1
6845	0
6846	1
6847	2
6848	1
6849	1
6850	2
6851	2
6852	0
6853	1
6854	0
6855	0
6856	2
6857	2
6858	3
6859	0
6860	1
6861	1
6862	2
6863	1
6864	0
6865	0
6866	1
6867	0
6868	0
6869	1
6870	1
6871	0
6872	0
6873	1
6874	1
6875	0
6876	0
6877	1
6878	0
6879	2
6880	1
6881	3
6882	2
6883	0
6884	1
6885	0
6886	4
6887	1
6888	1
6889	0
6890	1
6891	3
6892	0
6893	0
6894	1
6895	0
6896	1
6897	1
6898	2
6899	2
6900	2
6901	2
6902	2
6903	3
6904	1
6905	1
6906	0
6907	1
6908	0
6909	1
6910	2
6911	1
6912	2
6913	1
6914	2
6915	0
6916	1
6917	0
6918	0
6919	0
6920	1
6921	0
6922	0
6923	2
6924	2
6925	1
6926	1
6927	2
6928	3
6929	2
6930	1
6931	0
6932	1
6933	5
6934	1
6935	2
6936	2
6937	1
6938	0
6939	1
6940	1
6941	1
6942	0
6943	2
6944	1
6945	4
6946	0
6947	0
6948	1
6949	3
6950	2
6951	1
6952	0
6953	1
6954	2
6955	2
6956	3
6957	0
6958	0
6959	0
6960	2
6961	0
6962	1
6963	0
6964	1
6965	3
6966	0
6967	0
6968	3
6969	2
6970	0
6971	3
6972	0
6973	3
6974	1
6975	0
6976	1
6977	2
6978	1
6979	1
6980	0
6981	3
6982	0
6983	1
6984	0
6985	2
6986	2
6987	2
6988	2
6989	1
6990	4
6991	2
6992	2
6993	0
6994	3
6995	1
6996	3
6997	1
6998	3
6999	0
7000	0
7001	0
7002	1
7003	1
7004	0
7005	1
7006	2
7007	0
7008	1
7009	1
7010	3
7011	1
7012	2
7013	2
7014	1
7015	1
7016	1
7017	3
7018	1
7019	1
7020	3
7021	1
7022	2
7023	0
7024	2
7025	1
7026	1
7027	2
7028	2
7029	1
7030	0
7031	2
7032	1
7033	0
7034	1
7035	0
7036	3
7037	0
7038	2
7039	0
7040	1
7041	1
7042	1
7043	0
7044	1
7045	1
7046	3
7047	4
7048	1
7049	3
7050	4
7051	0
7052	4
7053	2
7054	0
7055	1
7056	2
7057	1
7058	4
7059	1
7060	1
7061	3
7062	1
7063	3
7064	0
7065	0
7066	0
7067	0
7068	3
7069	1
7070	1
7071	4
7072	1
7073	0
7074	0
7075	1
7076	1
7077	0
7078	2
7079	2
7080	2
7081	1
7082	1
7083	1
7084	0
7085	2
7086	1
7087	0
7088	0
7089	1
7090	3
7091	2
7092	1
7093	1
7094	2
7095	0
7096	2
7097	1
7098	0
7099	0
7100	2
7101	1
7102	1
7103	0
7104	2
7105	4
7106	0
7107	2
7108	0
7109	0
7110	0
7111	1
7112	2
7113	3
7114	1
7115	1
7116	1
7117	0
7118	1
7119	1
7120	1
7121	3
7122	2
7123	1
7124	2
7125	0
7126	1
7127	1
7128	0
7129	0
7130	1
7131	1
7132	1
7133	3
7134	0
7135	1
7136	0
7137	0
7138	0
7139	0
7140	0
7141	0
7142	2
7143	0
7144	1
7145	1
7146	0
7147	1
7148	0
7149	1
7150	0
7151	0
7152	1
7153	0
7154	0
7155	2
7156	0
7157	2
7158	1
7159	2
7160	2
7161	3
7162	0
7163	1
7164	2
7165	0
7166	2
7167	2
7168	1
7169	2
7170	1
7171	1
7172	0
7173	0
7174	1
7175	0
7176	2
7177	1
7178	2
7179	0
7180	1
7181	1
7182	1
7183	0
7184	2
7185	2
7186	0
7187	0
7188	0
7189	1
7190	0
7191	3
7192	1
7193	1
7194	0
7195	0
7196	0
7197	1
7198	2
7199	0
7200	0
7201	0
7202	0
7203	1
7204	0
7205	0
7206	0
7207	0
7208	0
7209	0
7210	1
7211	0
7212	0
7213	0
7214	0
7215	1
7216	0
7217	1
7218	0
7219	2
7220	0
7221	0
7222	0
7223	0
7224	0
7225	0
7226	1
7227	0
7228	0
7229	0
7230	0
7231	0
7232	0
7233	0
7234	1
7235	0
7236	1
7237	0
7238	0
7239	1
7240	0
7241	0
7242	0
7243	0
7244	0
7245	0
7246	0
7247	0
7248	0
7249	0
7250	0
7251	0
7252	0
7253	0
7254	0
7255	0
7256	0
7257	0
7258	1
7259	0
7260	0
7261	1
7262	0
7263	0
7264	0
7265	0
7266	1
7267	0
7268	0
7269	0
7270	0
7271	0
7272	0
7273	0
7274	0
7275	0
7276	0
7277	1
7278	0
7279	0
7280	0
7281	0
7282	1
7283	0
7284	0
7285	0
7286	1
7287	1
7288	0
7289	0
7290	0
7291	0
7292	0
7293	1
7294	0
7295	0
7296	0
7297	0
7298	1
7299	0
7300	0
7301	0
7302	1
7303	0
7304	0
7305	0
7306	0
7307	0
7308	0
7309	0
7310	0
7311	0
7312	0
7313	1
7314	0
7315	0
7316	0
7317	0
7318	0
7319	0
7320	0
7321	0
7322	1
7323	0
7324	0
7325	0
7326	0
7327	0
7328	0
7329	0
7330	0
7331	0
7332	0
7333	0
7334	0
7335	0
7336	0
7337	0
7338	0
7339	0
7340	0
7341	0
7342	1
7343	0
7344	0
7345	0
7346	0
7347	0
7348	0
7349	0
7350	0
7351	0
7352	0
7353	0
7354	0
7355	0
7356	0
7357	0
7358	0
7359	0
7360	0
7361	0
7362	0
7363	0
7364	0
7365	0
7366	0
7367	0
7368	0
7369	0
7370	0
7371	1
7372	0
7373	0
7374	0
7375	0
7376	0
7377	0
7378	1
7379	0
7380	0
7381	0
7382	0
7383	0
7384	0
7385	0
7386	0
7387	0
7388	0
7389	0
7390	0
7391	0
7392	0
7393	0
7394	0
7395	0
7396	0
7397	0
7398	0
7399	0
7400	0
7401	0
7402	1
7403	1
7404	0
7405	0
7406	0
7407	1
7408	0
7409	0
7410	0
7411	0
7412	0
7413	0
7414	0
7415	0
7416	0
7417	0
7418	0
7419	0
7420	0
7421	0
7422	0
7423	0
7424	0
7425	0
7426	0
7427	0
7428	0
7429	0
7430	0
7431	0
7432	0
7433	1
7434	0
7435	0
7436	0
7437	0
7438	0
7439	0
7440	0
7441	0
7442	0
7443	0
7444	0
7445	0
7446	0
7447	0
7448	0
7449	1
7450	0
7451	0
7452	0
7453	0
7454	1
7455	0
7456	0
7457	0
7458	0
7459	0
7460	0
7461	0
7462	0
7463	0
7464	0
7465	0
7466	0
7467	0
7468	0
7469	0
7470	0
7471	0
7472	0
7473	1
7474	0
7475	1
7476	0
7477	0
7478	0
7479	0
7480	0
7481	0
7482	0
7483	0
7484	0
7485	0
7486	0
7487	0
7488	0
7489	0
7490	0
7491	0
7492	0
7493	0
7494	0
7495	0
7496	0
7497	0
7498	0
7499	0
7500	0
7501	0
7502	0
7503	0
7504	0
7505	0
7506	0
7507	0
7508	0
7509	0
7510	0
7511	0
7512	0
7513	0
7514	0
7515	0
7516	0
7517	0
7518	0
7519	0
7520	0
7521	0
7522	0
7523	0
7524	0
7525	0
7526	0
7527	0
7528	0
7529	0
7530	0
7531	0
7532	0
7533	0
7534	0
7535	0
7536	0
7537	0
7538	0
7539	0
7540	0
7541	0
7542	0
7543	0
7544	0
7545	0
7546	0
7547	0
7548	0
7549	0
7550	0
7551	0
7552	0
7553	0
7554	0
7555	0
7556	0
7557	0
7558	0
7559	1
7560	0
7561	0
7562	0
7563	0
7564	0
7565	1
7566	0
7567	0
7568	0
7569	0
7570	0
7571	0
7572	0
7573	0
7574	0
7575	0
7576	0
7577	0
7578	0
7579	0
7580	0
7581	0
7582	0
7583	0
7584	0
7585	0
7586	0
7587	0
7588	0
7589	0
7590	0
7591	0
7592	0
7593	0
7594	0
7595	0
7596	0
7597	0
7598	0
7599	0
7600	0
7601	0
7602	0
7603	0
7604	0
7605	0
7606	0
7607	0
7608	0
7609	0
7610	0
7611	0
7612	0
7613	0
7614	0
7615	0
7616	1
7617	0
7618	0
7619	0
7620	0
7621	0
7622	0
7623	0
7624	0
7625	0
7626	0
7627	0
7628	0
7629	0
7630	0
7631	0
7632	0
7633	0
7634	0
7635	0
7636	0
7637	0
7638	0
7639	0
7640	0
7641	0
7642	0
7643	0
7644	0
7645	0
7646	0
7647	0
7648	0
7649	0
7650	0
7651	0
7652	0
7653	0
7654	0
7655	0
7656	0
7657	0
7658	0
7659	0
7660	0
7661	0
7662	0
7663	0
7664	0
7665	0
7666	0
7667	0
7668	0
7669	0
7670	0
7671	0
7672	0
7673	0
7674	0
7675	0
7676	0
7677	0
7678	0
7679	0
7680	0
7681	0
7682	0
7683	0
7684	0
7685	0
7686	0
7687	0
7688	0
7689	0
7690	0
7691	0
7692	0
7693	0
7694	1
7695	0
7696	0
7697	0
7698	0
7699	0
7700	0
7701	0
7702	0
7703	0
7704	1
7705	0
7706	0
7707	0
7708	0
7709	0
7710	0
7711	0
7712	0
7713	0
7714	0
7715	0
7716	0
7717	0
7718	0
7719	0
7720	0
7721	0
7722	0
7723	0
7724	0
7725	0
7726	0
7727	0
7728	0
7729	0
7730	0
7731	0
7732	0
7733	0
7734	0
7735	0
7736	0
7737	0
7738	0
7739	0
7740	0
7741	0
7742	0
7743	0
7744	0
7745	0
7746	0
7747	0
7748	0
7749	0
7750	0
7751	0
7752	0
7753	0
7754	0
7755	0
7756	0
7757	0
7758	0
7759	0
7760	0
7761	0
7762	0
7763	0
7764	0
7765	0
7766	0
7767	0
7768	0
7769	0
7770	0
7771	0
7772	0
7773	0
7774	0
7775	0
7776	0
7777	0
7778	0
7779	0
7780	0
7781	0
7782	0
7783	0
7784	0
7785	0
7786	0
7787	0
7788	0
7789	0
7790	0
7791	0
7792	0
7793	0
7794	0
7795	0
7796	0
7797	0
7798	0
7799	0
7800	0
7801	0
7802	0
7803	0
7804	0
7805	0
7806	0
7807	0
7808	0
7809	0
7810	0
7811	0
7812	0
7813	0
7814	0
7815	0
7816	0
7817	0
7818	0
7819	0
7820	0
7821	0
7822	0
7823	0
7824	0
7825	0
7826	0
7827	0
7828	0
7829	0
7830	0
7831	0
7832	0
7833	0
7834	0
7835	0
7836	0
7837	0
7838	1
7839	0
7840	0
7841	0
7842	0
7843	0
7844	0
7845	0
7846	0
7847	0
7848	0
7849	0
7850	0
7851	0
7852	0
7853	0
7854	0
7855	0
7856	0
7857	0
7858	0
7859	0
7860	0
7861	0
7862	0
7863	0
7864	0
7865	0
7866	0
7867	0
7868	0
7869	0
7870	0
7871	0
7872	0
7873	0
7874	0
7875	0
7876	0
7877	0
7878	0
7879	0
7880	0
7881	0
7882	0
7883	0
7884	0
7885	0
7886	0
7887	0
7888	0
7889	0
7890	0
7891	0
7892	0
7893	0
7894	0
7895	0
7896	0
7897	0
7898	0
7899	0
7900	0
7901	0
7902	0
7903	0
7904	0
7905	0
7906	0
7907	0
7908	0
7909	0
7910	0
7911	0
7912	0
7913	0
7914	0
7915	0
7916	0
7917	0
7918	0
7919	0
7920	0
7921	0
7922	0
7923	0
7924	0
7925	0
7926	0
7927	0
7928	0
7929	0
7930	0
7931	0
7932	0
7933	0
7934	0
7935	0
7936	0
7937	0
7938	0
7939	0
7940	0
7941	0
7942	0
7943	0
7944	0
7945	0
7946	0
7947	0
7948	0
7949	0
7950	0
7951	0
7952	0
7953	0
7954	0
7955	0
7956	0
7957	0
7958	0
7959	0
7960	0
7961	0
7962	0
7963	0
7964	0
7965	0
7966	0
7967	0
7968	0
7969	0
7970	1
7971	0
7972	0
7973	0
7974	0
7975	0
7976	0
7977	0
7978	0
7979	0
7980	0
7981	0
7982	0
7983	0
7984	0
7985	0
7986	0
7987	0
7988	0
7989	0
7990	0
7991	0
7992	0
7993	0
7994	0
7995	0
7996	0
7997	0
7998	0
7999	0
8000	0
8001	0
8002	0
8003	0
8004	0
8005	0
8006	0
8007	0
8008	0
8009	0
8010	0
8011	0
8012	0
8013	0
8014	0
8015	0
8016	0
8017	0
8018	0
8019	0
8020	0
8021	0
8022	0
8023	0
8024	0
8025	0
8026	0
8027	0
8028	0
8029	0
8030	0
8031	0
8032	0
8033	0
8034	0
8035	0
8036	0
8037	0
8038	0
8039	0
8040	0
8041	0
8042	0
8043	0
8044	0
8045	0
8046	0
8047	0
8048	0
8049	0
8050	0
8051	0
8052	0
8053	0
8054	1
8055	0
8056	0
8057	0
8058	0
8059	0
8060	0
8061	0
8062	0
8063	0
8064	0
8065	0
8066	0
8067	0
8068	0
8069	0
8070	0
8071	0
8072	0
8073	0
8074	0
8075	0
8076	0
8077	0
8078	0
8079	0
8080	0
8081	0
8082	0
8083	0
8084	0
8085	0
8086	0
8087	0
8088	0
8089	0
8090	0
8091	0
8092	0
8093	0
8094	0
8095	0
8096	0
8097	0
8098	0
8099	0
8100	0
8101	0
8102	0
8103	0
8104	0
8105	0
8106	0
8107	0
8108	0
8109	0
8110	0
8111	0
8112	0
8113	0
8114	0
8115	0
8116	0
8117	0
8118	0
8119	0
8120	0
8121	0
8122	0
8123	0
8124	0
8125	0
8126	0
8127	0
8128	0
8129	0
8130	0
8131	0
8132	0
8133	0
8134	0
8135	0
8136	0
8137	0
8138	0
8139	0
8140	0
8141	0
8142	0
8143	0
8144	0
8145	0
8146	0
8147	0
8148	0
8149	0
8150	0
8151	0
8152	0
8153	0
8154	0
8155	0
8156	0
8157	0
8158	0
8159	0
8160	0
8161	0
8162	0
8163	0
8164	0
8165	0
8166	0
8167	0
8168	0
8169	0
8170	0
8171	0
8172	0
8173	0
8174	0
8175	0
8176	1
8177	0
8178	0
8179	0
8180	0
8181	0
8182	0
8183	0
8184	0
8185	0
8186	1
8187	0
8188	0
8189	0
8190	0
8191	0
