Filename:  S1.mca
Description:  
TimeStamp:  12/28/2024 11:09:42

ROI Information
Start	End	FWHM (N)	Net Area	Gross Area	Centroid (N)	Uncertainty	Status
1420	1486	1.216	152	1387	1451.11	33.69	GOOD
1979	2202	1.400	874	1984	2088.57	6.36	GOOD
3175	3556	0.000	0	926	0	0	BAD
3925	4411	1.963	810	1295	4208.43	5.21	GOOD
4733	5108	1.167	289	289	4905.84	5.88	GOOD

Spectral Data Information
Channel	Data
0	0
1	0
2	0
3	0
4	0
5	0
6	0
7	0
8	0
9	0
10	0
11	0
12	0
13	0
14	0
15	0
16	0
17	0
18	0
19	0
20	0
21	0
22	0
23	0
24	0
25	0
26	0
27	0
28	0
29	0
30	0
31	0
32	0
33	0
34	0
35	0
36	0
37	0
38	0
39	0
40	0
41	0
42	0
43	0
44	0
45	0
46	0
47	0
48	0
49	0
50	0
51	0
52	0
53	0
54	0
55	0
56	0
57	0
58	0
59	0
60	0
61	0
62	0
63	0
64	0
65	0
66	0
67	0
68	0
69	0
70	0
71	0
72	0
73	0
74	0
75	0
76	0
77	0
78	0
79	0
80	0
81	0
82	0
83	0
84	0
85	0
86	0
87	0
88	0
89	0
90	0
91	0
92	0
93	0
94	0
95	0
96	0
97	0
98	0
99	0
100	0
101	0
102	0
103	0
104	0
105	0
106	0
107	0
108	0
109	0
110	0
111	0
112	0
113	0
114	0
115	0
116	0
117	0
118	0
119	0
120	0
121	0
122	0
123	0
124	0
125	0
126	0
127	0
128	0
129	0
130	0
131	0
132	0
133	0
134	0
135	0
136	0
137	0
138	0
139	0
140	0
141	0
142	0
143	0
144	0
145	0
146	0
147	0
148	0
149	0
150	0
151	0
152	0
153	0
154	0
155	0
156	0
157	0
158	0
159	0
160	0
161	0
162	0
163	0
164	0
165	0
166	0
167	0
168	0
169	0
170	0
171	0
172	0
173	0
174	0
175	0
176	0
177	0
178	0
179	0
180	0
181	0
182	0
183	0
184	0
185	0
186	0
187	0
188	0
189	0
190	0
191	0
192	0
193	0
194	0
195	0
196	0
197	0
198	0
199	0
200	0
201	0
202	0
203	0
204	0
205	0
206	0
207	0
208	0
209	0
210	0
211	0
212	0
213	0
214	0
215	0
216	0
217	0
218	0
219	0
220	0
221	0
222	0
223	0
224	0
225	0
226	0
227	0
228	0
229	0
230	0
231	0
232	0
233	0
234	0
235	0
236	0
237	0
238	0
239	0
240	0
241	0
242	0
243	0
244	0
245	0
246	0
247	0
248	0
249	0
250	0
251	0
252	0
253	0
254	0
255	0
256	0
257	0
258	0
259	0
260	0
261	0
262	0
263	0
264	0
265	0
266	0
267	0
268	0
269	0
270	0
271	0
272	0
273	0
274	0
275	0
276	0
277	0
278	0
279	0
280	0
281	0
282	0
283	0
284	0
285	0
286	0
287	0
288	0
289	0
290	0
291	0
292	0
293	0
294	0
295	0
296	0
297	0
298	0
299	0
300	0
301	0
302	0
303	0
304	0
305	0
306	0
307	0
308	0
309	0
310	0
311	0
312	0
313	0
314	0
315	0
316	0
317	0
318	0
319	0
320	0
321	0
322	0
323	0
324	0
325	0
326	0
327	0
328	0
329	0
330	0
331	0
332	0
333	0
334	0
335	0
336	0
337	0
338	0
339	0
340	0
341	0
342	0
343	0
344	0
345	0
346	0
347	0
348	0
349	0
350	0
351	0
352	0
353	0
354	0
355	0
356	0
357	0
358	0
359	0
360	0
361	0
362	0
363	0
364	0
365	0
366	0
367	0
368	0
369	0
370	0
371	0
372	0
373	0
374	0
375	0
376	0
377	0
378	0
379	0
380	0
381	0
382	0
383	0
384	0
385	0
386	0
387	0
388	0
389	0
390	0
391	0
392	0
393	0
394	0
395	0
396	0
397	0
398	0
399	0
400	0
401	0
402	0
403	0
404	0
405	0
406	0
407	0
408	0
409	0
410	0
411	0
412	0
413	0
414	0
415	0
416	0
417	0
418	0
419	0
420	0
421	0
422	0
423	0
424	0
425	0
426	0
427	0
428	0
429	0
430	0
431	0
432	0
433	0
434	0
435	0
436	0
437	0
438	0
439	0
440	0
441	0
442	0
443	0
444	0
445	0
446	0
447	0
448	0
449	0
450	0
451	0
452	0
453	0
454	0
455	0
456	0
457	0
458	0
459	0
460	0
461	0
462	0
463	0
464	0
465	0
466	0
467	0
468	0
469	0
470	0
471	0
472	0
473	0
474	0
475	0
476	0
477	0
478	0
479	0
480	0
481	0
482	0
483	0
484	0
485	0
486	0
487	0
488	0
489	0
490	0
491	0
492	0
493	0
494	0
495	0
496	0
497	0
498	0
499	0
500	0
501	0
502	0
503	0
504	0
505	0
506	0
507	0
508	0
509	0
510	0
511	0
512	0
513	0
514	0
515	0
516	0
517	0
518	0
519	0
520	0
521	0
522	0
523	0
524	0
525	0
526	0
527	0
528	0
529	0
530	0
531	0
532	0
533	0
534	0
535	0
536	0
537	0
538	0
539	0
540	0
541	0
542	0
543	0
544	0
545	0
546	0
547	0
548	0
549	0
550	0
551	0
552	0
553	0
554	0
555	0
556	0
557	0
558	0
559	0
560	0
561	0
562	0
563	0
564	0
565	0
566	0
567	0
568	0
569	0
570	0
571	0
572	0
573	0
574	0
575	0
576	0
577	0
578	0
579	0
580	0
581	0
582	0
583	0
584	0
585	0
586	0
587	0
588	0
589	0
590	0
591	0
592	0
593	0
594	0
595	0
596	0
597	0
598	0
599	0
600	0
601	0
602	0
603	0
604	0
605	0
606	0
607	0
608	0
609	0
610	0
611	0
612	0
613	0
614	0
615	0
616	0
617	0
618	0
619	0
620	0
621	0
622	0
623	35
624	27
625	36
626	39
627	33
628	25
629	38
630	33
631	32
632	22
633	36
634	29
635	37
636	23
637	39
638	31
639	28
640	26
641	25
642	26
643	33
644	34
645	36
646	32
647	40
648	28
649	27
650	39
651	32
652	36
653	33
654	32
655	43
656	33
657	54
658	39
659	44
660	35
661	41
662	37
663	38
664	35
665	38
666	45
667	34
668	49
669	34
670	49
671	61
672	47
673	57
674	54
675	47
676	63
677	55
678	51
679	58
680	55
681	48
682	60
683	67
684	51
685	68
686	46
687	50
688	64
689	66
690	70
691	78
692	69
693	78
694	70
695	62
696	68
697	70
698	64
699	68
700	79
701	87
702	75
703	77
704	96
705	80
706	83
707	86
708	79
709	85
710	73
711	91
712	88
713	81
714	93
715	65
716	75
717	79
718	84
719	106
720	97
721	91
722	102
723	106
724	101
725	103
726	101
727	92
728	84
729	113
730	134
731	99
732	98
733	98
734	110
735	97
736	107
737	113
738	111
739	125
740	120
741	120
742	116
743	108
744	108
745	135
746	111
747	111
748	120
749	100
750	118
751	118
752	131
753	138
754	142
755	145
756	130
757	114
758	142
759	118
760	135
761	117
762	109
763	121
764	120
765	125
766	145
767	111
768	110
769	118
770	104
771	133
772	118
773	136
774	130
775	127
776	115
777	109
778	125
779	120
780	117
781	124
782	134
783	119
784	126
785	144
786	138
787	125
788	129
789	138
790	116
791	129
792	123
793	115
794	129
795	123
796	115
797	109
798	130
799	109
800	125
801	115
802	129
803	107
804	133
805	124
806	122
807	110
808	111
809	98
810	106
811	111
812	113
813	100
814	113
815	102
816	111
817	132
818	97
819	119
820	109
821	127
822	127
823	110
824	106
825	107
826	103
827	98
828	87
829	129
830	109
831	147
832	88
833	122
834	107
835	111
836	98
837	105
838	102
839	96
840	123
841	113
842	109
843	86
844	108
845	107
846	90
847	78
848	109
849	101
850	83
851	102
852	106
853	101
854	103
855	106
856	101
857	88
858	88
859	104
860	111
861	92
862	107
863	86
864	102
865	94
866	83
867	100
868	92
869	96
870	102
871	86
872	83
873	90
874	97
875	100
876	103
877	112
878	95
879	89
880	105
881	77
882	85
883	97
884	96
885	105
886	97
887	102
888	89
889	91
890	98
891	77
892	88
893	103
894	97
895	71
896	94
897	84
898	102
899	79
900	76
901	94
902	94
903	76
904	76
905	68
906	89
907	88
908	87
909	82
910	67
911	82
912	83
913	88
914	90
915	87
916	83
917	84
918	87
919	66
920	70
921	87
922	77
923	70
924	83
925	74
926	76
927	69
928	71
929	85
930	87
931	70
932	75
933	80
934	91
935	83
936	71
937	77
938	83
939	74
940	57
941	84
942	76
943	73
944	61
945	63
946	73
947	72
948	68
949	69
950	77
951	72
952	64
953	71
954	55
955	68
956	79
957	67
958	59
959	63
960	71
961	69
962	54
963	74
964	71
965	72
966	67
967	63
968	69
969	75
970	52
971	54
972	60
973	67
974	66
975	75
976	79
977	66
978	59
979	73
980	58
981	59
982	60
983	67
984	67
985	52
986	65
987	68
988	57
989	58
990	59
991	67
992	64
993	63
994	75
995	68
996	68
997	60
998	63
999	70
1000	59
1001	62
1002	60
1003	50
1004	61
1005	62
1006	68
1007	56
1008	56
1009	57
1010	48
1011	60
1012	57
1013	60
1014	46
1015	56
1016	48
1017	60
1018	57
1019	72
1020	65
1021	61
1022	49
1023	62
1024	41
1025	55
1026	63
1027	73
1028	65
1029	65
1030	42
1031	60
1032	68
1033	68
1034	65
1035	45
1036	48
1037	63
1038	60
1039	64
1040	60
1041	44
1042	58
1043	43
1044	48
1045	45
1046	55
1047	58
1048	48
1049	64
1050	63
1051	53
1052	55
1053	52
1054	52
1055	42
1056	43
1057	57
1058	56
1059	54
1060	51
1061	58
1062	39
1063	56
1064	49
1065	50
1066	44
1067	49
1068	45
1069	55
1070	50
1071	52
1072	65
1073	52
1074	38
1075	55
1076	56
1077	52
1078	42
1079	37
1080	47
1081	56
1082	67
1083	48
1084	41
1085	60
1086	50
1087	46
1088	59
1089	43
1090	52
1091	60
1092	54
1093	59
1094	45
1095	50
1096	49
1097	41
1098	50
1099	51
1100	50
1101	32
1102	56
1103	46
1104	53
1105	39
1106	55
1107	37
1108	50
1109	57
1110	56
1111	57
1112	47
1113	37
1114	57
1115	45
1116	53
1117	49
1118	47
1119	54
1120	55
1121	53
1122	50
1123	54
1124	53
1125	52
1126	43
1127	44
1128	31
1129	36
1130	31
1131	62
1132	40
1133	49
1134	50
1135	47
1136	40
1137	41
1138	50
1139	46
1140	46
1141	52
1142	47
1143	53
1144	33
1145	42
1146	57
1147	46
1148	44
1149	45
1150	49
1151	48
1152	47
1153	51
1154	40
1155	39
1156	44
1157	42
1158	54
1159	51
1160	71
1161	52
1162	57
1163	45
1164	46
1165	45
1166	50
1167	47
1168	56
1169	48
1170	55
1171	41
1172	47
1173	41
1174	64
1175	35
1176	49
1177	39
1178	51
1179	46
1180	37
1181	47
1182	50
1183	46
1184	33
1185	47
1186	33
1187	59
1188	54
1189	45
1190	34
1191	35
1192	55
1193	40
1194	41
1195	34
1196	39
1197	37
1198	43
1199	35
1200	32
1201	35
1202	44
1203	38
1204	36
1205	36
1206	30
1207	34
1208	33
1209	34
1210	38
1211	35
1212	28
1213	23
1214	25
1215	31
1216	41
1217	29
1218	28
1219	41
1220	40
1221	34
1222	38
1223	34
1224	35
1225	37
1226	30
1227	51
1228	38
1229	37
1230	34
1231	32
1232	33
1233	40
1234	38
1235	24
1236	31
1237	26
1238	27
1239	31
1240	17
1241	31
1242	31
1243	37
1244	22
1245	30
1246	29
1247	35
1248	35
1249	30
1250	38
1251	27
1252	21
1253	28
1254	24
1255	39
1256	24
1257	25
1258	22
1259	24
1260	34
1261	27
1262	24
1263	26
1264	32
1265	28
1266	25
1267	21
1268	39
1269	26
1270	26
1271	34
1272	25
1273	26
1274	23
1275	27
1276	28
1277	41
1278	42
1279	25
1280	28
1281	20
1282	24
1283	30
1284	32
1285	28
1286	17
1287	25
1288	36
1289	31
1290	24
1291	26
1292	33
1293	33
1294	26
1295	33
1296	25
1297	20
1298	29
1299	23
1300	27
1301	28
1302	21
1303	24
1304	37
1305	27
1306	30
1307	33
1308	25
1309	32
1310	27
1311	30
1312	28
1313	25
1314	31
1315	35
1316	28
1317	26
1318	28
1319	33
1320	22
1321	33
1322	24
1323	29
1324	25
1325	26
1326	24
1327	29
1328	24
1329	19
1330	16
1331	28
1332	27
1333	21
1334	22
1335	25
1336	21
1337	26
1338	29
1339	21
1340	38
1341	35
1342	30
1343	25
1344	22
1345	11
1346	23
1347	20
1348	28
1349	22
1350	31
1351	21
1352	16
1353	22
1354	21
1355	33
1356	23
1357	15
1358	18
1359	21
1360	24
1361	24
1362	20
1363	22
1364	17
1365	23
1366	21
1367	34
1368	23
1369	27
1370	19
1371	22
1372	26
1373	26
1374	23
1375	18
1376	17
1377	20
1378	20
1379	21
1380	19
1381	25
1382	26
1383	26
1384	20
1385	37
1386	15
1387	25
1388	25
1389	19
1390	19
1391	25
1392	22
1393	27
1394	26
1395	23
1396	26
1397	21
1398	31
1399	24
1400	19
1401	13
1402	27
1403	22
1404	21
1405	27
1406	19
1407	16
1408	21
1409	17
1410	25
1411	21
1412	23
1413	20
1414	22
1415	21
1416	20
1417	28
1418	26
1419	28
1420	20
1421	12
1422	30
1423	25
1424	15
1425	27
1426	21
1427	15
1428	28
1429	23
1430	19
1431	33
1432	24
1433	24
1434	20
1435	13
1436	24
1437	22
1438	32
1439	26
1440	24
1441	21
1442	28
1443	26
1444	15
1445	14
1446	16
1447	20
1448	16
1449	16
1450	18
1451	26
1452	26
1453	16
1454	28
1455	21
1456	24
1457	24
1458	18
1459	18
1460	19
1461	25
1462	16
1463	25
1464	29
1465	24
1466	22
1467	20
1468	19
1469	17
1470	20
1471	20
1472	22
1473	23
1474	19
1475	21
1476	24
1477	18
1478	20
1479	14
1480	25
1481	26
1482	16
1483	17
1484	17
1485	21
1486	18
1487	17
1488	22
1489	15
1490	17
1491	13
1492	23
1493	19
1494	17
1495	16
1496	23
1497	22
1498	16
1499	11
1500	9
1501	17
1502	14
1503	24
1504	16
1505	12
1506	20
1507	14
1508	10
1509	15
1510	15
1511	16
1512	11
1513	21
1514	13
1515	8
1516	11
1517	18
1518	12
1519	11
1520	13
1521	17
1522	23
1523	11
1524	14
1525	12
1526	17
1527	15
1528	16
1529	13
1530	14
1531	24
1532	18
1533	18
1534	16
1535	15
1536	12
1537	14
1538	24
1539	13
1540	5
1541	18
1542	11
1543	19
1544	13
1545	11
1546	9
1547	18
1548	15
1549	13
1550	20
1551	11
1552	10
1553	12
1554	23
1555	6
1556	8
1557	10
1558	11
1559	10
1560	15
1561	9
1562	21
1563	9
1564	15
1565	12
1566	11
1567	13
1568	16
1569	16
1570	17
1571	17
1572	11
1573	17
1574	8
1575	15
1576	12
1577	11
1578	16
1579	15
1580	14
1581	14
1582	9
1583	15
1584	11
1585	12
1586	14
1587	9
1588	10
1589	15
1590	10
1591	20
1592	9
1593	8
1594	7
1595	8
1596	16
1597	15
1598	17
1599	9
1600	17
1601	17
1602	13
1603	9
1604	12
1605	12
1606	20
1607	15
1608	10
1609	11
1610	12
1611	3
1612	13
1613	12
1614	10
1615	14
1616	12
1617	10
1618	10
1619	12
1620	10
1621	15
1622	17
1623	12
1624	7
1625	10
1626	12
1627	15
1628	12
1629	5
1630	15
1631	13
1632	9
1633	13
1634	8
1635	11
1636	13
1637	11
1638	10
1639	13
1640	15
1641	15
1642	14
1643	17
1644	9
1645	12
1646	11
1647	13
1648	12
1649	9
1650	10
1651	8
1652	10
1653	9
1654	9
1655	12
1656	13
1657	8
1658	13
1659	11
1660	13
1661	12
1662	14
1663	13
1664	15
1665	9
1666	12
1667	9
1668	8
1669	11
1670	8
1671	11
1672	10
1673	11
1674	12
1675	9
1676	10
1677	9
1678	9
1679	9
1680	13
1681	11
1682	8
1683	8
1684	6
1685	8
1686	8
1687	9
1688	8
1689	11
1690	11
1691	13
1692	7
1693	17
1694	3
1695	6
1696	10
1697	11
1698	6
1699	13
1700	17
1701	15
1702	10
1703	8
1704	11
1705	10
1706	13
1707	7
1708	11
1709	9
1710	10
1711	7
1712	9
1713	13
1714	14
1715	13
1716	10
1717	10
1718	8
1719	7
1720	10
1721	5
1722	11
1723	11
1724	12
1725	10
1726	9
1727	12
1728	13
1729	15
1730	13
1731	17
1732	17
1733	10
1734	14
1735	12
1736	11
1737	8
1738	10
1739	10
1740	6
1741	7
1742	12
1743	10
1744	7
1745	15
1746	9
1747	12
1748	9
1749	7
1750	8
1751	12
1752	12
1753	11
1754	6
1755	8
1756	10
1757	8
1758	10
1759	5
1760	9
1761	5
1762	14
1763	11
1764	11
1765	10
1766	8
1767	14
1768	6
1769	17
1770	4
1771	11
1772	11
1773	12
1774	8
1775	5
1776	3
1777	11
1778	12
1779	8
1780	7
1781	10
1782	11
1783	7
1784	8
1785	5
1786	10
1787	14
1788	9
1789	8
1790	9
1791	9
1792	9
1793	10
1794	9
1795	6
1796	10
1797	15
1798	7
1799	9
1800	16
1801	13
1802	8
1803	8
1804	13
1805	6
1806	8
1807	14
1808	7
1809	7
1810	8
1811	13
1812	9
1813	9
1814	14
1815	18
1816	7
1817	11
1818	8
1819	16
1820	15
1821	10
1822	12
1823	9
1824	5
1825	11
1826	8
1827	5
1828	12
1829	6
1830	7
1831	9
1832	8
1833	9
1834	8
1835	10
1836	8
1837	8
1838	9
1839	7
1840	5
1841	10
1842	16
1843	8
1844	6
1845	10
1846	8
1847	5
1848	8
1849	6
1850	9
1851	9
1852	15
1853	9
1854	7
1855	17
1856	8
1857	11
1858	9
1859	6
1860	2
1861	8
1862	9
1863	5
1864	10
1865	9
1866	11
1867	10
1868	7
1869	7
1870	8
1871	13
1872	6
1873	5
1874	9
1875	9
1876	6
1877	10
1878	9
1879	12
1880	8
1881	7
1882	7
1883	8
1884	11
1885	9
1886	10
1887	7
1888	8
1889	10
1890	10
1891	9
1892	12
1893	4
1894	10
1895	12
1896	10
1897	11
1898	6
1899	5
1900	7
1901	9
1902	11
1903	4
1904	12
1905	9
1906	8
1907	6
1908	9
1909	11
1910	6
1911	5
1912	7
1913	9
1914	10
1915	10
1916	8
1917	11
1918	12
1919	5
1920	8
1921	6
1922	7
1923	14
1924	9
1925	10
1926	9
1927	8
1928	7
1929	12
1930	10
1931	8
1932	4
1933	8
1934	8
1935	7
1936	6
1937	8
1938	6
1939	7
1940	18
1941	8
1942	6
1943	9
1944	14
1945	3
1946	6
1947	6
1948	12
1949	5
1950	7
1951	7
1952	9
1953	7
1954	10
1955	13
1956	10
1957	7
1958	3
1959	12
1960	7
1961	7
1962	11
1963	4
1964	3
1965	11
1966	5
1967	9
1968	12
1969	5
1970	8
1971	4
1972	8
1973	11
1974	13
1975	6
1976	6
1977	4
1978	6
1979	6
1980	6
1981	8
1982	11
1983	8
1984	8
1985	7
1986	9
1987	9
1988	10
1989	4
1990	5
1991	10
1992	11
1993	10
1994	9
1995	8
1996	9
1997	8
1998	6
1999	10
2000	9
2001	7
2002	4
2003	5
2004	14
2005	8
2006	6
2007	13
2008	10
2009	6
2010	11
2011	6
2012	7
2013	10
2014	9
2015	12
2016	11
2017	10
2018	11
2019	6
2020	13
2021	11
2022	12
2023	10
2024	10
2025	7
2026	10
2027	10
2028	12
2029	7
2030	9
2031	16
2032	7
2033	10
2034	8
2035	15
2036	9
2037	9
2038	11
2039	8
2040	9
2041	6
2042	9
2043	8
2044	14
2045	8
2046	4
2047	10
2048	15
2049	16
2050	9
2051	9
2052	10
2053	4
2054	13
2055	11
2056	10
2057	8
2058	10
2059	11
2060	7
2061	10
2062	14
2063	10
2064	14
2065	13
2066	10
2067	6
2068	12
2069	22
2070	7
2071	15
2072	7
2073	8
2074	10
2075	4
2076	7
2077	8
2078	15
2079	6
2080	13
2081	14
2082	15
2083	13
2084	14
2085	10
2086	16
2087	12
2088	10
2089	11
2090	9
2091	6
2092	7
2093	8
2094	8
2095	7
2096	13
2097	15
2098	12
2099	8
2100	13
2101	10
2102	10
2103	7
2104	11
2105	11
2106	3
2107	14
2108	10
2109	9
2110	11
2111	15
2112	8
2113	7
2114	4
2115	10
2116	16
2117	6
2118	6
2119	8
2120	13
2121	4
2122	10
2123	11
2124	9
2125	14
2126	9
2127	5
2128	5
2129	9
2130	11
2131	3
2132	8
2133	13
2134	7
2135	10
2136	14
2137	9
2138	12
2139	10
2140	7
2141	4
2142	7
2143	15
2144	7
2145	3
2146	7
2147	8
2148	7
2149	7
2150	10
2151	7
2152	5
2153	6
2154	9
2155	5
2156	4
2157	8
2158	8
2159	12
2160	5
2161	6
2162	8
2163	10
2164	5
2165	6
2166	8
2167	9
2168	5
2169	5
2170	12
2171	10
2172	9
2173	8
2174	5
2175	8
2176	8
2177	10
2178	8
2179	7
2180	3
2181	7
2182	5
2183	7
2184	6
2185	6
2186	9
2187	4
2188	7
2189	4
2190	5
2191	9
2192	14
2193	7
2194	5
2195	2
2196	3
2197	8
2198	4
2199	10
2200	13
2201	8
2202	4
2203	4
2204	5
2205	5
2206	6
2207	8
2208	7
2209	6
2210	6
2211	2
2212	5
2213	7
2214	8
2215	8
2216	3
2217	3
2218	7
2219	8
2220	8
2221	4
2222	7
2223	3
2224	3
2225	8
2226	3
2227	8
2228	6
2229	5
2230	6
2231	7
2232	11
2233	6
2234	7
2235	7
2236	6
2237	4
2238	6
2239	3
2240	7
2241	4
2242	7
2243	7
2244	5
2245	6
2246	7
2247	3
2248	4
2249	3
2250	10
2251	4
2252	4
2253	5
2254	3
2255	6
2256	10
2257	6
2258	6
2259	6
2260	3
2261	6
2262	8
2263	7
2264	6
2265	1
2266	7
2267	4
2268	9
2269	4
2270	12
2271	9
2272	2
2273	7
2274	6
2275	1
2276	8
2277	4
2278	4
2279	2
2280	5
2281	5
2282	2
2283	2
2284	3
2285	3
2286	3
2287	5
2288	6
2289	6
2290	5
2291	6
2292	6
2293	3
2294	7
2295	2
2296	6
2297	6
2298	7
2299	4
2300	3
2301	6
2302	1
2303	4
2304	4
2305	5
2306	6
2307	3
2308	4
2309	5
2310	4
2311	9
2312	3
2313	7
2314	8
2315	11
2316	6
2317	4
2318	6
2319	7
2320	6
2321	7
2322	4
2323	3
2324	4
2325	5
2326	5
2327	4
2328	3
2329	4
2330	6
2331	2
2332	4
2333	3
2334	2
2335	9
2336	3
2337	4
2338	4
2339	6
2340	7
2341	1
2342	5
2343	6
2344	1
2345	6
2346	1
2347	7
2348	5
2349	3
2350	4
2351	3
2352	6
2353	2
2354	3
2355	2
2356	5
2357	4
2358	9
2359	4
2360	5
2361	1
2362	5
2363	3
2364	2
2365	5
2366	8
2367	7
2368	5
2369	4
2370	3
2371	3
2372	2
2373	1
2374	7
2375	6
2376	5
2377	4
2378	4
2379	8
2380	4
2381	2
2382	8
2383	4
2384	4
2385	5
2386	3
2387	8
2388	2
2389	2
2390	7
2391	7
2392	5
2393	7
2394	6
2395	2
2396	4
2397	1
2398	7
2399	5
2400	5
2401	3
2402	7
2403	6
2404	7
2405	0
2406	4
2407	2
2408	3
2409	4
2410	2
2411	7
2412	7
2413	3
2414	4
2415	3
2416	5
2417	2
2418	7
2419	6
2420	3
2421	7
2422	6
2423	2
2424	3
2425	5
2426	3
2427	1
2428	3
2429	4
2430	3
2431	3
2432	1
2433	8
2434	7
2435	11
2436	6
2437	4
2438	5
2439	8
2440	5
2441	2
2442	1
2443	5
2444	1
2445	6
2446	3
2447	10
2448	4
2449	7
2450	6
2451	0
2452	5
2453	4
2454	4
2455	3
2456	5
2457	5
2458	3
2459	3
2460	1
2461	4
2462	4
2463	6
2464	4
2465	6
2466	5
2467	5
2468	5
2469	10
2470	5
2471	2
2472	5
2473	4
2474	2
2475	2
2476	6
2477	5
2478	8
2479	5
2480	8
2481	2
2482	3
2483	4
2484	3
2485	4
2486	5
2487	6
2488	7
2489	9
2490	4
2491	6
2492	4
2493	6
2494	6
2495	5
2496	5
2497	4
2498	8
2499	7
2500	2
2501	6
2502	5
2503	6
2504	3
2505	5
2506	4
2507	1
2508	4
2509	4
2510	6
2511	2
2512	4
2513	3
2514	6
2515	5
2516	5
2517	4
2518	4
2519	7
2520	6
2521	3
2522	9
2523	6
2524	7
2525	4
2526	3
2527	7
2528	7
2529	6
2530	2
2531	3
2532	3
2533	5
2534	2
2535	9
2536	6
2537	7
2538	5
2539	3
2540	5
2541	0
2542	8
2543	8
2544	2
2545	4
2546	8
2547	5
2548	3
2549	3
2550	3
2551	5
2552	3
2553	4
2554	6
2555	4
2556	4
2557	5
2558	3
2559	5
2560	2
2561	4
2562	8
2563	2
2564	5
2565	6
2566	5
2567	7
2568	2
2569	4
2570	2
2571	4
2572	2
2573	4
2574	7
2575	0
2576	4
2577	2
2578	5
2579	7
2580	9
2581	4
2582	6
2583	3
2584	3
2585	4
2586	4
2587	3
2588	9
2589	7
2590	7
2591	4
2592	4
2593	5
2594	4
2595	4
2596	6
2597	2
2598	5
2599	5
2600	2
2601	3
2602	6
2603	6
2604	6
2605	4
2606	3
2607	10
2608	6
2609	4
2610	2
2611	4
2612	4
2613	4
2614	2
2615	5
2616	1
2617	8
2618	4
2619	2
2620	6
2621	2
2622	1
2623	1
2624	0
2625	5
2626	3
2627	5
2628	4
2629	4
2630	3
2631	5
2632	4
2633	3
2634	3
2635	4
2636	2
2637	4
2638	5
2639	3
2640	1
2641	3
2642	3
2643	6
2644	6
2645	2
2646	3
2647	7
2648	6
2649	3
2650	5
2651	2
2652	4
2653	4
2654	6
2655	4
2656	3
2657	4
2658	6
2659	6
2660	7
2661	4
2662	3
2663	4
2664	3
2665	5
2666	10
2667	1
2668	1
2669	2
2670	2
2671	2
2672	0
2673	3
2674	2
2675	5
2676	4
2677	6
2678	7
2679	2
2680	3
2681	4
2682	3
2683	5
2684	6
2685	5
2686	7
2687	3
2688	3
2689	4
2690	5
2691	5
2692	6
2693	1
2694	2
2695	3
2696	1
2697	3
2698	7
2699	4
2700	5
2701	2
2702	5
2703	7
2704	5
2705	7
2706	6
2707	2
2708	1
2709	6
2710	5
2711	7
2712	9
2713	3
2714	3
2715	3
2716	5
2717	6
2718	4
2719	2
2720	3
2721	3
2722	3
2723	3
2724	6
2725	3
2726	4
2727	4
2728	8
2729	4
2730	3
2731	6
2732	4
2733	1
2734	5
2735	6
2736	3
2737	4
2738	6
2739	6
2740	6
2741	3
2742	4
2743	6
2744	9
2745	2
2746	1
2747	7
2748	1
2749	2
2750	3
2751	2
2752	3
2753	6
2754	6
2755	3
2756	4
2757	5
2758	4
2759	6
2760	11
2761	7
2762	9
2763	6
2764	5
2765	3
2766	1
2767	3
2768	2
2769	2
2770	2
2771	4
2772	3
2773	8
2774	8
2775	6
2776	2
2777	2
2778	5
2779	6
2780	0
2781	2
2782	5
2783	6
2784	6
2785	9
2786	2
2787	4
2788	5
2789	6
2790	9
2791	6
2792	3
2793	3
2794	3
2795	4
2796	7
2797	7
2798	3
2799	5
2800	5
2801	4
2802	0
2803	2
2804	5
2805	5
2806	6
2807	8
2808	3
2809	10
2810	1
2811	3
2812	4
2813	2
2814	3
2815	1
2816	2
2817	2
2818	4
2819	3
2820	6
2821	5
2822	2
2823	5
2824	7
2825	5
2826	5
2827	6
2828	6
2829	2
2830	7
2831	5
2832	1
2833	1
2834	5
2835	7
2836	2
2837	4
2838	7
2839	1
2840	2
2841	3
2842	7
2843	1
2844	3
2845	9
2846	8
2847	8
2848	4
2849	5
2850	6
2851	5
2852	7
2853	3
2854	2
2855	4
2856	3
2857	7
2858	3
2859	5
2860	4
2861	4
2862	5
2863	3
2864	7
2865	1
2866	10
2867	7
2868	6
2869	5
2870	5
2871	5
2872	5
2873	2
2874	5
2875	1
2876	2
2877	5
2878	7
2879	7
2880	6
2881	7
2882	2
2883	5
2884	4
2885	7
2886	5
2887	4
2888	5
2889	4
2890	3
2891	4
2892	8
2893	3
2894	4
2895	2
2896	4
2897	2
2898	4
2899	5
2900	6
2901	4
2902	5
2903	5
2904	3
2905	5
2906	6
2907	1
2908	7
2909	4
2910	2
2911	5
2912	2
2913	5
2914	9
2915	5
2916	7
2917	2
2918	4
2919	3
2920	6
2921	3
2922	5
2923	7
2924	3
2925	5
2926	3
2927	4
2928	3
2929	5
2930	1
2931	1
2932	8
2933	1
2934	5
2935	5
2936	5
2937	6
2938	3
2939	7
2940	3
2941	3
2942	8
2943	1
2944	5
2945	5
2946	5
2947	5
2948	6
2949	5
2950	7
2951	8
2952	2
2953	7
2954	5
2955	6
2956	3
2957	5
2958	5
2959	5
2960	4
2961	6
2962	4
2963	5
2964	10
2965	4
2966	2
2967	6
2968	5
2969	5
2970	5
2971	5
2972	5
2973	3
2974	4
2975	2
2976	3
2977	4
2978	5
2979	4
2980	8
2981	4
2982	4
2983	4
2984	7
2985	1
2986	6
2987	3
2988	5
2989	8
2990	4
2991	3
2992	3
2993	8
2994	6
2995	8
2996	4
2997	3
2998	5
2999	4
3000	0
3001	2
3002	2
3003	2
3004	6
3005	6
3006	2
3007	3
3008	1
3009	2
3010	4
3011	6
3012	8
3013	3
3014	5
3015	5
3016	5
3017	3
3018	2
3019	4
3020	0
3021	3
3022	3
3023	5
3024	2
3025	6
3026	4
3027	8
3028	0
3029	0
3030	4
3031	4
3032	4
3033	2
3034	4
3035	5
3036	4
3037	5
3038	4
3039	4
3040	4
3041	2
3042	4
3043	1
3044	5
3045	2
3046	1
3047	5
3048	4
3049	0
3050	2
3051	4
3052	0
3053	4
3054	3
3055	3
3056	1
3057	3
3058	2
3059	2
3060	3
3061	6
3062	5
3063	2
3064	4
3065	0
3066	1
3067	6
3068	0
3069	2
3070	2
3071	1
3072	2
3073	3
3074	2
3075	4
3076	5
3077	2
3078	3
3079	5
3080	4
3081	2
3082	4
3083	5
3084	3
3085	2
3086	6
3087	7
3088	3
3089	3
3090	4
3091	5
3092	2
3093	6
3094	2
3095	3
3096	2
3097	0
3098	4
3099	3
3100	2
3101	1
3102	2
3103	3
3104	3
3105	3
3106	1
3107	3
3108	2
3109	3
3110	1
3111	2
3112	3
3113	4
3114	4
3115	4
3116	3
3117	1
3118	1
3119	3
3120	1
3121	3
3122	2
3123	0
3124	2
3125	2
3126	3
3127	2
3128	1
3129	1
3130	1
3131	4
3132	5
3133	4
3134	2
3135	4
3136	2
3137	0
3138	1
3139	2
3140	1
3141	1
3142	1
3143	3
3144	3
3145	4
3146	0
3147	3
3148	2
3149	4
3150	3
3151	2
3152	1
3153	1
3154	2
3155	3
3156	2
3157	0
3158	2
3159	3
3160	1
3161	2
3162	3
3163	3
3164	3
3165	0
3166	3
3167	3
3168	1
3169	0
3170	2
3171	2
3172	2
3173	1
3174	1
3175	7
3176	1
3177	3
3178	3
3179	3
3180	1
3181	3
3182	3
3183	2
3184	1
3185	3
3186	1
3187	3
3188	3
3189	0
3190	1
3191	2
3192	5
3193	2
3194	4
3195	2
3196	4
3197	0
3198	4
3199	1
3200	4
3201	2
3202	1
3203	1
3204	2
3205	7
3206	4
3207	4
3208	2
3209	2
3210	3
3211	1
3212	1
3213	1
3214	3
3215	6
3216	4
3217	1
3218	1
3219	4
3220	2
3221	5
3222	3
3223	4
3224	0
3225	4
3226	1
3227	2
3228	2
3229	5
3230	3
3231	1
3232	6
3233	0
3234	1
3235	1
3236	3
3237	2
3238	1
3239	4
3240	1
3241	1
3242	2
3243	1
3244	2
3245	3
3246	1
3247	0
3248	1
3249	4
3250	0
3251	3
3252	6
3253	2
3254	4
3255	2
3256	3
3257	3
3258	3
3259	2
3260	3
3261	3
3262	2
3263	1
3264	4
3265	3
3266	1
3267	0
3268	4
3269	3
3270	1
3271	0
3272	1
3273	1
3274	5
3275	0
3276	4
3277	3
3278	6
3279	3
3280	0
3281	4
3282	1
3283	2
3284	2
3285	2
3286	1
3287	4
3288	1
3289	3
3290	3
3291	4
3292	2
3293	5
3294	2
3295	3
3296	4
3297	4
3298	5
3299	5
3300	2
3301	1
3302	2
3303	4
3304	2
3305	4
3306	2
3307	4
3308	1
3309	1
3310	1
3311	1
3312	3
3313	2
3314	4
3315	4
3316	2
3317	1
3318	2
3319	1
3320	1
3321	1
3322	2
3323	0
3324	5
3325	5
3326	1
3327	2
3328	2
3329	4
3330	4
3331	4
3332	1
3333	2
3334	2
3335	2
3336	4
3337	4
3338	1
3339	2
3340	3
3341	3
3342	3
3343	0
3344	0
3345	2
3346	3
3347	2
3348	2
3349	1
3350	6
3351	3
3352	2
3353	5
3354	8
3355	6
3356	3
3357	6
3358	4
3359	1
3360	2
3361	2
3362	2
3363	3
3364	5
3365	0
3366	2
3367	3
3368	3
3369	3
3370	4
3371	6
3372	4
3373	0
3374	4
3375	1
3376	1
3377	3
3378	4
3379	1
3380	4
3381	6
3382	6
3383	0
3384	7
3385	2
3386	3
3387	2
3388	6
3389	5
3390	0
3391	1
3392	6
3393	1
3394	3
3395	4
3396	3
3397	1
3398	4
3399	2
3400	2
3401	2
3402	5
3403	4
3404	1
3405	0
3406	4
3407	1
3408	0
3409	5
3410	3
3411	3
3412	0
3413	3
3414	1
3415	1
3416	0
3417	4
3418	2
3419	2
3420	2
3421	1
3422	1
3423	4
3424	1
3425	3
3426	4
3427	1
3428	3
3429	1
3430	1
3431	2
3432	2
3433	0
3434	8
3435	2
3436	1
3437	1
3438	0
3439	2
3440	1
3441	0
3442	0
3443	2
3444	4
3445	4
3446	3
3447	1
3448	1
3449	7
3450	2
3451	4
3452	3
3453	1
3454	6
3455	1
3456	3
3457	1
3458	1
3459	1
3460	5
3461	2
3462	3
3463	1
3464	4
3465	0
3466	3
3467	1
3468	4
3469	3
3470	1
3471	3
3472	1
3473	3
3474	2
3475	6
3476	3
3477	1
3478	4
3479	1
3480	3
3481	2
3482	3
3483	3
3484	0
3485	3
3486	3
3487	2
3488	2
3489	3
3490	2
3491	1
3492	3
3493	5
3494	0
3495	2
3496	0
3497	1
3498	4
3499	3
3500	2
3501	2
3502	6
3503	1
3504	0
3505	1
3506	3
3507	2
3508	3
3509	1
3510	1
3511	2
3512	2
3513	2
3514	2
3515	2
3516	2
3517	1
3518	0
3519	3
3520	0
3521	4
3522	2
3523	2
3524	4
3525	1
3526	0
3527	2
3528	0
3529	3
3530	1
3531	1
3532	3
3533	2
3534	3
3535	1
3536	2
3537	4
3538	2
3539	1
3540	3
3541	2
3542	0
3543	2
3544	1
3545	3
3546	2
3547	3
3548	3
3549	2
3550	4
3551	5
3552	5
3553	2
3554	2
3555	3
3556	1
3557	2
3558	2
3559	0
3560	1
3561	1
3562	3
3563	4
3564	1
3565	1
3566	2
3567	2
3568	2
3569	4
3570	2
3571	0
3572	4
3573	2
3574	1
3575	5
3576	1
3577	3
3578	1
3579	2
3580	1
3581	3
3582	0
3583	4
3584	4
3585	1
3586	1
3587	3
3588	1
3589	1
3590	2
3591	3
3592	2
3593	2
3594	2
3595	1
3596	2
3597	2
3598	2
3599	0
3600	1
3601	1
3602	4
3603	1
3604	2
3605	0
3606	2
3607	1
3608	0
3609	3
3610	0
3611	3
3612	1
3613	1
3614	0
3615	3
3616	0
3617	4
3618	2
3619	0
3620	2
3621	1
3622	1
3623	2
3624	2
3625	7
3626	1
3627	2
3628	3
3629	2
3630	5
3631	2
3632	0
3633	1
3634	2
3635	1
3636	1
3637	3
3638	2
3639	0
3640	2
3641	1
3642	2
3643	3
3644	3
3645	1
3646	1
3647	2
3648	1
3649	0
3650	2
3651	0
3652	1
3653	3
3654	1
3655	3
3656	2
3657	1
3658	4
3659	0
3660	1
3661	0
3662	2
3663	2
3664	1
3665	1
3666	2
3667	1
3668	5
3669	3
3670	2
3671	2
3672	1
3673	0
3674	2
3675	1
3676	2
3677	2
3678	0
3679	0
3680	1
3681	2
3682	1
3683	4
3684	0
3685	0
3686	3
3687	0
3688	0
3689	3
3690	3
3691	1
3692	2
3693	3
3694	0
3695	1
3696	4
3697	2
3698	2
3699	3
3700	1
3701	0
3702	1
3703	1
3704	1
3705	1
3706	0
3707	1
3708	0
3709	2
3710	1
3711	2
3712	1
3713	3
3714	6
3715	3
3716	3
3717	3
3718	3
3719	0
3720	1
3721	1
3722	0
3723	2
3724	4
3725	2
3726	3
3727	0
3728	2
3729	1
3730	0
3731	2
3732	2
3733	1
3734	1
3735	2
3736	0
3737	2
3738	0
3739	3
3740	0
3741	4
3742	0
3743	3
3744	3
3745	0
3746	3
3747	1
3748	0
3749	1
3750	0
3751	2
3752	0
3753	1
3754	1
3755	1
3756	0
3757	2
3758	2
3759	1
3760	1
3761	3
3762	0
3763	1
3764	0
3765	4
3766	1
3767	0
3768	0
3769	2
3770	1
3771	0
3772	1
3773	1
3774	1
3775	1
3776	3
3777	1
3778	1
3779	2
3780	0
3781	1
3782	2
3783	0
3784	0
3785	1
3786	2
3787	2
3788	2
3789	0
3790	2
3791	1
3792	0
3793	1
3794	1
3795	1
3796	0
3797	1
3798	1
3799	0
3800	0
3801	1
3802	3
3803	3
3804	1
3805	0
3806	0
3807	3
3808	3
3809	2
3810	0
3811	1
3812	1
3813	2
3814	1
3815	1
3816	2
3817	0
3818	2
3819	0
3820	2
3821	2
3822	0
3823	0
3824	3
3825	1
3826	2
3827	0
3828	1
3829	0
3830	0
3831	1
3832	4
3833	2
3834	3
3835	2
3836	0
3837	0
3838	0
3839	1
3840	0
3841	2
3842	1
3843	0
3844	1
3845	1
3846	0
3847	1
3848	3
3849	4
3850	0
3851	0
3852	0
3853	0
3854	1
3855	1
3856	1
3857	1
3858	3
3859	1
3860	3
3861	1
3862	1
3863	0
3864	1
3865	2
3866	3
3867	3
3868	3
3869	1
3870	2
3871	2
3872	4
3873	0
3874	1
3875	1
3876	1
3877	1
3878	2
3879	1
3880	0
3881	2
3882	0
3883	3
3884	2
3885	0
3886	3
3887	2
3888	1
3889	1
3890	1
3891	0
3892	1
3893	0
3894	4
3895	1
3896	1
3897	2
3898	1
3899	6
3900	3
3901	0
3902	1
3903	1
3904	2
3905	2
3906	2
3907	2
3908	2
3909	1
3910	2
3911	1
3912	5
3913	3
3914	0
3915	2
3916	2
3917	0
3918	2
3919	0
3920	3
3921	6
3922	3
3923	2
3924	1
3925	2
3926	1
3927	2
3928	2
3929	1
3930	2
3931	1
3932	0
3933	2
3934	1
3935	5
3936	2
3937	0
3938	2
3939	3
3940	1
3941	1
3942	2
3943	2
3944	0
3945	2
3946	3
3947	1
3948	3
3949	1
3950	2
3951	0
3952	4
3953	2
3954	2
3955	0
3956	3
3957	2
3958	0
3959	2
3960	0
3961	2
3962	2
3963	0
3964	3
3965	2
3966	1
3967	1
3968	1
3969	0
3970	1
3971	1
3972	0
3973	1
3974	4
3975	2
3976	2
3977	2
3978	5
3979	3
3980	3
3981	0
3982	2
3983	2
3984	1
3985	2
3986	4
3987	2
3988	4
3989	2
3990	1
3991	5
3992	1
3993	0
3994	2
3995	2
3996	3
3997	0
3998	2
3999	4
4000	0
4001	2
4002	0
4003	4
4004	1
4005	2
4006	4
4007	7
4008	1
4009	3
4010	1
4011	1
4012	5
4013	0
4014	1
4015	3
4016	1
4017	3
4018	2
4019	6
4020	1
4021	4
4022	2
4023	1
4024	2
4025	4
4026	0
4027	3
4028	4
4029	3
4030	0
4031	2
4032	3
4033	1
4034	2
4035	3
4036	2
4037	4
4038	3
4039	2
4040	6
4041	1
4042	1
4043	0
4044	3
4045	4
4046	0
4047	4
4048	2
4049	5
4050	5
4051	3
4052	1
4053	1
4054	3
4055	2
4056	1
4057	3
4058	3
4059	2
4060	1
4061	2
4062	2
4063	1
4064	2
4065	5
4066	2
4067	6
4068	3
4069	5
4070	1
4071	5
4072	1
4073	3
4074	2
4075	5
4076	4
4077	3
4078	2
4079	4
4080	2
4081	2
4082	8
4083	6
4084	3
4085	3
4086	1
4087	5
4088	3
4089	5
4090	0
4091	4
4092	4
4093	5
4094	1
4095	6
4096	5
4097	2
4098	7
4099	1
4100	3
4101	2
4102	2
4103	3
4104	3
4105	2
4106	5
4107	2
4108	1
4109	6
4110	4
4111	1
4112	4
4113	6
4114	4
4115	3
4116	3
4117	2
4118	5
4119	4
4120	0
4121	2
4122	5
4123	4
4124	2
4125	4
4126	1
4127	1
4128	5
4129	1
4130	4
4131	2
4132	3
4133	6
4134	6
4135	6
4136	2
4137	4
4138	4
4139	6
4140	2
4141	3
4142	8
4143	4
4144	3
4145	1
4146	3
4147	6
4148	3
4149	2
4150	6
4151	1
4152	4
4153	7
4154	3
4155	5
4156	3
4157	4
4158	1
4159	6
4160	5
4161	7
4162	8
4163	4
4164	3
4165	5
4166	6
4167	5
4168	7
4169	2
4170	5
4171	1
4172	2
4173	7
4174	0
4175	4
4176	0
4177	1
4178	1
4179	7
4180	1
4181	4
4182	6
4183	3
4184	6
4185	4
4186	2
4187	3
4188	7
4189	3
4190	3
4191	3
4192	4
4193	7
4194	2
4195	6
4196	4
4197	1
4198	4
4199	3
4200	3
4201	3
4202	6
4203	5
4204	5
4205	2
4206	6
4207	3
4208	1
4209	5
4210	4
4211	2
4212	5
4213	3
4214	3
4215	4
4216	4
4217	5
4218	9
4219	1
4220	4
4221	5
4222	2
4223	5
4224	5
4225	1
4226	4
4227	3
4228	3
4229	4
4230	4
4231	3
4232	4
4233	2
4234	4
4235	5
4236	9
4237	4
4238	2
4239	5
4240	0
4241	6
4242	6
4243	4
4244	3
4245	3
4246	6
4247	3
4248	7
4249	2
4250	2
4251	7
4252	2
4253	7
4254	6
4255	3
4256	4
4257	6
4258	6
4259	4
4260	4
4261	6
4262	6
4263	3
4264	0
4265	1
4266	3
4267	3
4268	3
4269	1
4270	1
4271	4
4272	1
4273	1
4274	2
4275	2
4276	1
4277	6
4278	5
4279	2
4280	6
4281	2
4282	4
4283	2
4284	0
4285	3
4286	2
4287	2
4288	2
4289	0
4290	3
4291	1
4292	3
4293	3
4294	3
4295	3
4296	2
4297	1
4298	0
4299	6
4300	3
4301	5
4302	2
4303	3
4304	2
4305	3
4306	3
4307	4
4308	1
4309	1
4310	2
4311	2
4312	1
4313	3
4314	0
4315	4
4316	2
4317	2
4318	2
4319	2
4320	1
4321	2
4322	3
4323	2
4324	3
4325	2
4326	1
4327	2
4328	3
4329	1
4330	6
4331	0
4332	0
4333	1
4334	1
4335	0
4336	1
4337	0
4338	1
4339	4
4340	3
4341	3
4342	3
4343	5
4344	2
4345	1
4346	2
4347	2
4348	2
4349	3
4350	2
4351	0
4352	3
4353	1
4354	1
4355	2
4356	2
4357	3
4358	2
4359	1
4360	1
4361	0
4362	1
4363	1
4364	1
4365	1
4366	1
4367	1
4368	0
4369	3
4370	1
4371	2
4372	1
4373	2
4374	0
4375	2
4376	1
4377	1
4378	1
4379	3
4380	1
4381	1
4382	4
4383	0
4384	1
4385	0
4386	0
4387	1
4388	1
4389	4
4390	1
4391	1
4392	0
4393	1
4394	1
4395	2
4396	0
4397	2
4398	0
4399	2
4400	1
4401	0
4402	0
4403	1
4404	1
4405	1
4406	0
4407	1
4408	0
4409	1
4410	0
4411	0
4412	1
4413	0
4414	3
4415	1
4416	1
4417	0
4418	1
4419	0
4420	1
4421	2
4422	2
4423	2
4424	0
4425	0
4426	1
4427	1
4428	2
4429	3
4430	0
4431	1
4432	0
4433	1
4434	0
4435	1
4436	0
4437	1
4438	0
4439	2
4440	0
4441	1
4442	0
4443	1
4444	1
4445	1
4446	2
4447	3
4448	1
4449	0
4450	0
4451	2
4452	3
4453	0
4454	0
4455	0
4456	0
4457	2
4458	0
4459	0
4460	1
4461	2
4462	1
4463	2
4464	3
4465	0
4466	0
4467	2
4468	1
4469	2
4470	0
4471	0
4472	1
4473	1
4474	1
4475	1
4476	1
4477	0
4478	0
4479	0
4480	2
4481	0
4482	1
4483	0
4484	1
4485	0
4486	0
4487	1
4488	0
4489	2
4490	2
4491	1
4492	0
4493	0
4494	2
4495	1
4496	0
4497	0
4498	0
4499	2
4500	0
4501	1
4502	0
4503	0
4504	0
4505	2
4506	0
4507	1
4508	2
4509	0
4510	1
4511	0
4512	3
4513	1
4514	2
4515	1
4516	2
4517	0
4518	0
4519	0
4520	0
4521	0
4522	0
4523	3
4524	0
4525	0
4526	1
4527	0
4528	1
4529	1
4530	3
4531	1
4532	0
4533	2
4534	1
4535	1
4536	0
4537	2
4538	0
4539	1
4540	1
4541	1
4542	1
4543	1
4544	4
4545	0
4546	1
4547	0
4548	3
4549	1
4550	0
4551	2
4552	2
4553	0
4554	0
4555	1
4556	0
4557	2
4558	0
4559	3
4560	3
4561	2
4562	1
4563	1
4564	0
4565	1
4566	0
4567	2
4568	3
4569	3
4570	2
4571	0
4572	1
4573	0
4574	1
4575	1
4576	1
4577	1
4578	2
4579	1
4580	0
4581	1
4582	2
4583	2
4584	0
4585	0
4586	1
4587	3
4588	0
4589	1
4590	0
4591	2
4592	0
4593	1
4594	0
4595	0
4596	0
4597	0
4598	0
4599	1
4600	1
4601	1
4602	5
4603	1
4604	1
4605	2
4606	3
4607	3
4608	1
4609	1
4610	1
4611	0
4612	2
4613	0
4614	2
4615	0
4616	0
4617	1
4618	1
4619	1
4620	2
4621	1
4622	1
4623	1
4624	0
4625	2
4626	0
4627	1
4628	3
4629	1
4630	1
4631	0
4632	1
4633	1
4634	1
4635	0
4636	0
4637	0
4638	1
4639	2
4640	0
4641	0
4642	0
4643	1
4644	1
4645	1
4646	1
4647	0
4648	2
4649	0
4650	0
4651	1
4652	0
4653	0
4654	2
4655	1
4656	0
4657	1
4658	0
4659	1
4660	2
4661	0
4662	0
4663	0
4664	0
4665	0
4666	1
4667	2
4668	2
4669	1
4670	0
4671	0
4672	0
4673	0
4674	0
4675	0
4676	0
4677	0
4678	1
4679	1
4680	2
4681	0
4682	1
4683	0
4684	0
4685	2
4686	3
4687	2
4688	0
4689	2
4690	1
4691	1
4692	0
4693	2
4694	0
4695	0
4696	0
4697	1
4698	0
4699	1
4700	1
4701	4
4702	2
4703	1
4704	1
4705	1
4706	0
4707	3
4708	0
4709	0
4710	1
4711	1
4712	0
4713	0
4714	0
4715	0
4716	1
4717	0
4718	1
4719	0
4720	1
4721	0
4722	1
4723	0
4724	1
4725	3
4726	1
4727	0
4728	0
4729	0
4730	0
4731	1
4732	0
4733	0
4734	1
4735	1
4736	1
4737	1
4738	2
4739	1
4740	0
4741	3
4742	0
4743	4
4744	1
4745	0
4746	1
4747	1
4748	1
4749	0
4750	1
4751	2
4752	3
4753	2
4754	1
4755	0
4756	1
4757	0
4758	1
4759	0
4760	0
4761	0
4762	0
4763	2
4764	2
4765	1
4766	1
4767	0
4768	1
4769	1
4770	0
4771	0
4772	0
4773	0
4774	1
4775	1
4776	3
4777	0
4778	0
4779	3
4780	0
4781	0
4782	3
4783	0
4784	0
4785	0
4786	1
4787	2
4788	0
4789	3
4790	1
4791	0
4792	3
4793	0
4794	2
4795	0
4796	0
4797	1
4798	1
4799	0
4800	2
4801	0
4802	2
4803	0
4804	0
4805	2
4806	0
4807	0
4808	0
4809	1
4810	0
4811	2
4812	1
4813	2
4814	0
4815	0
4816	0
4817	0
4818	1
4819	0
4820	0
4821	3
4822	1
4823	0
4824	0
4825	2
4826	1
4827	1
4828	0
4829	0
4830	1
4831	4
4832	0
4833	1
4834	1
4835	0
4836	0
4837	3
4838	0
4839	0
4840	0
4841	1
4842	0
4843	1
4844	2
4845	0
4846	1
4847	0
4848	0
4849	0
4850	0
4851	1
4852	2
4853	0
4854	1
4855	2
4856	1
4857	0
4858	0
4859	0
4860	3
4861	1
4862	1
4863	1
4864	1
4865	0
4866	0
4867	0
4868	1
4869	0
4870	1
4871	2
4872	1
4873	0
4874	1
4875	1
4876	1
4877	4
4878	1
4879	0
4880	0
4881	1
4882	0
4883	3
4884	1
4885	1
4886	1
4887	3
4888	0
4889	0
4890	1
4891	4
4892	0
4893	2
4894	0
4895	0
4896	0
4897	0
4898	0
4899	0
4900	2
4901	0
4902	0
4903	0
4904	0
4905	1
4906	0
4907	0
4908	0
4909	0
4910	2
4911	1
4912	1
4913	1
4914	1
4915	1
4916	1
4917	2
4918	0
4919	1
4920	2
4921	1
4922	2
4923	1
4924	0
4925	0
4926	1
4927	2
4928	1
4929	0
4930	1
4931	0
4932	0
4933	2
4934	1
4935	1
4936	3
4937	2
4938	0
4939	1
4940	1
4941	0
4942	0
4943	2
4944	3
4945	1
4946	0
4947	0
4948	1
4949	2
4950	2
4951	2
4952	0
4953	0
4954	2
4955	0
4956	1
4957	0
4958	1
4959	0
4960	1
4961	1
4962	1
4963	1
4964	1
4965	0
4966	0
4967	0
4968	2
4969	0
4970	2
4971	0
4972	1
4973	0
4974	2
4975	1
4976	1
4977	1
4978	0
4979	1
4980	0
4981	0
4982	0
4983	0
4984	1
4985	1
4986	1
4987	0
4988	1
4989	0
4990	2
4991	0
4992	0
4993	1
4994	0
4995	1
4996	1
4997	0
4998	0
4999	1
5000	0
5001	1
5002	1
5003	0
5004	0
5005	1
5006	1
5007	0
5008	2
5009	1
5010	0
5011	0
5012	1
5013	1
5014	1
5015	0
5016	0
5017	0
5018	0
5019	1
5020	1
5021	0
5022	0
5023	0
5024	2
5025	2
5026	1
5027	2
5028	0
5029	1
5030	2
5031	0
5032	1
5033	0
5034	0
5035	0
5036	3
5037	1
5038	3
5039	0
5040	0
5041	0
5042	2
5043	0
5044	0
5045	0
5046	1
5047	1
5048	0
5049	0
5050	1
5051	0
5052	1
5053	0
5054	1
5055	0
5056	0
5057	0
5058	3
5059	2
5060	0
5061	0
5062	1
5063	1
5064	0
5065	0
5066	0
5067	0
5068	0
5069	0
5070	0
5071	0
5072	0
5073	1
5074	0
5075	0
5076	1
5077	1
5078	0
5079	1
5080	0
5081	1
5082	3
5083	0
5084	2
5085	1
5086	0
5087	0
5088	4
5089	0
5090	0
5091	0
5092	0
5093	1
5094	1
5095	2
5096	1
5097	1
5098	0
5099	1
5100	0
5101	0
5102	0
5103	0
5104	0
5105	0
5106	0
5107	2
5108	0
5109	0
5110	0
5111	0
5112	1
5113	1
5114	0
5115	0
5116	0
5117	1
5118	1
5119	0
5120	1
5121	0
5122	2
5123	0
5124	0
5125	0
5126	0
5127	1
5128	0
5129	1
5130	1
5131	0
5132	0
5133	3
5134	1
5135	0
5136	0
5137	0
5138	0
5139	0
5140	0
5141	1
5142	0
5143	0
5144	1
5145	0
5146	0
5147	0
5148	0
5149	0
5150	0
5151	0
5152	0
5153	1
5154	1
5155	0
5156	0
5157	0
5158	0
5159	0
5160	0
5161	0
5162	0
5163	0
5164	0
5165	0
5166	0
5167	0
5168	0
5169	0
5170	0
5171	0
5172	0
5173	0
5174	1
5175	0
5176	1
5177	0
5178	1
5179	0
5180	0
5181	0
5182	0
5183	1
5184	2
5185	1
5186	1
5187	0
5188	0
5189	0
5190	0
5191	0
5192	0
5193	1
5194	0
5195	2
5196	1
5197	0
5198	0
5199	0
5200	0
5201	1
5202	1
5203	0
5204	1
5205	2
5206	0
5207	1
5208	0
5209	1
5210	1
5211	1
5212	0
5213	1
5214	0
5215	0
5216	2
5217	0
5218	0
5219	0
5220	0
5221	2
5222	2
5223	0
5224	0
5225	0
5226	0
5227	1
5228	0
5229	0
5230	1
5231	0
5232	0
5233	0
5234	1
5235	0
5236	0
5237	1
5238	0
5239	1
5240	0
5241	0
5242	0
5243	0
5244	0
5245	0
5246	0
5247	1
5248	0
5249	1
5250	0
5251	0
5252	0
5253	1
5254	0
5255	2
5256	1
5257	0
5258	0
5259	0
5260	1
5261	0
5262	1
5263	0
5264	1
5265	0
5266	0
5267	0
5268	0
5269	2
5270	0
5271	0
5272	0
5273	1
5274	0
5275	0
5276	0
5277	0
5278	0
5279	0
5280	1
5281	0
5282	0
5283	0
5284	0
5285	0
5286	0
5287	0
5288	1
5289	0
5290	0
5291	0
5292	0
5293	0
5294	0
5295	1
5296	0
5297	0
5298	1
5299	0
5300	0
5301	1
5302	0
5303	0
5304	0
5305	0
5306	0
5307	1
5308	0
5309	0
5310	0
5311	0
5312	1
5313	0
5314	1
5315	1
5316	0
5317	1
5318	1
5319	0
5320	0
5321	1
5322	1
5323	1
5324	0
5325	1
5326	0
5327	0
5328	0
5329	1
5330	0
5331	1
5332	0
5333	0
5334	0
5335	1
5336	0
5337	0
5338	0
5339	1
5340	0
5341	0
5342	1
5343	0
5344	3
5345	0
5346	0
5347	1
5348	0
5349	0
5350	0
5351	0
5352	0
5353	0
5354	1
5355	2
5356	0
5357	0
5358	1
5359	0
5360	0
5361	2
5362	0
5363	0
5364	0
5365	0
5366	1
5367	0
5368	1
5369	0
5370	1
5371	1
5372	1
5373	0
5374	1
5375	0
5376	0
5377	0
5378	0
5379	2
5380	0
5381	0
5382	0
5383	0
5384	0
5385	1
5386	0
5387	0
5388	0
5389	0
5390	0
5391	0
5392	1
5393	1
5394	1
5395	0
5396	0
5397	0
5398	0
5399	0
5400	0
5401	1
5402	1
5403	2
5404	1
5405	1
5406	0
5407	0
5408	0
5409	1
5410	0
5411	1
5412	0
5413	2
5414	2
5415	1
5416	0
5417	0
5418	0
5419	1
5420	0
5421	0
5422	0
5423	2
5424	0
5425	1
5426	1
5427	1
5428	0
5429	0
5430	0
5431	0
5432	0
5433	0
5434	0
5435	1
5436	0
5437	0
5438	0
5439	0
5440	1
5441	1
5442	0
5443	1
5444	0
5445	1
5446	0
5447	1
5448	1
5449	1
5450	0
5451	0
5452	1
5453	0
5454	0
5455	1
5456	0
5457	0
5458	0
5459	1
5460	0
5461	0
5462	0
5463	1
5464	0
5465	0
5466	0
5467	1
5468	0
5469	1
5470	0
5471	0
5472	0
5473	0
5474	0
5475	0
5476	1
5477	0
5478	0
5479	0
5480	0
5481	0
5482	0
5483	0
5484	0
5485	0
5486	0
5487	0
5488	0
5489	1
5490	0
5491	0
5492	1
5493	0
5494	0
5495	1
5496	0
5497	0
5498	0
5499	0
5500	0
5501	1
5502	1
5503	0
5504	0
5505	1
5506	0
5507	0
5508	0
5509	0
5510	0
5511	0
5512	0
5513	0
5514	0
5515	0
5516	1
5517	0
5518	0
5519	0
5520	1
5521	1
5522	1
5523	0
5524	0
5525	0
5526	0
5527	0
5528	1
5529	0
5530	0
5531	1
5532	1
5533	1
5534	0
5535	0
5536	0
5537	0
5538	0
5539	1
5540	0
5541	0
5542	0
5543	0
5544	1
5545	0
5546	0
5547	0
5548	1
5549	1
5550	1
5551	2
5552	1
5553	0
5554	0
5555	0
5556	1
5557	1
5558	0
5559	1
5560	1
5561	0
5562	0
5563	1
5564	1
5565	1
5566	1
5567	0
5568	0
5569	0
5570	0
5571	0
5572	0
5573	0
5574	1
5575	1
5576	1
5577	0
5578	2
5579	0
5580	0
5581	0
5582	1
5583	1
5584	0
5585	1
5586	1
5587	0
5588	1
5589	0
5590	1
5591	0
5592	0
5593	0
5594	0
5595	0
5596	0
5597	0
5598	0
5599	0
5600	0
5601	0
5602	1
5603	1
5604	0
5605	1
5606	0
5607	0
5608	0
5609	0
5610	1
5611	1
5612	0
5613	0
5614	0
5615	1
5616	0
5617	0
5618	0
5619	1
5620	0
5621	1
5622	0
5623	0
5624	0
5625	0
5626	1
5627	0
5628	0
5629	0
5630	4
5631	0
5632	0
5633	1
5634	0
5635	0
5636	2
5637	1
5638	0
5639	0
5640	2
5641	0
5642	0
5643	1
5644	1
5645	0
5646	1
5647	0
5648	0
5649	1
5650	2
5651	0
5652	0
5653	1
5654	0
5655	1
5656	1
5657	0
5658	0
5659	0
5660	0
5661	1
5662	0
5663	1
5664	1
5665	0
5666	0
5667	0
5668	0
5669	1
5670	0
5671	0
5672	1
5673	1
5674	2
5675	1
5676	1
5677	1
5678	1
5679	0
5680	0
5681	0
5682	0
5683	0
5684	1
5685	1
5686	0
5687	1
5688	1
5689	0
5690	1
5691	0
5692	0
5693	0
5694	1
5695	2
5696	1
5697	2
5698	1
5699	0
5700	0
5701	0
5702	0
5703	0
5704	0
5705	0
5706	1
5707	0
5708	0
5709	0
5710	1
5711	0
5712	0
5713	0
5714	2
5715	1
5716	0
5717	1
5718	1
5719	2
5720	0
5721	1
5722	1
5723	1
5724	0
5725	0
5726	2
5727	1
5728	0
5729	1
5730	0
5731	1
5732	0
5733	1
5734	0
5735	0
5736	0
5737	0
5738	1
5739	0
5740	0
5741	1
5742	0
5743	1
5744	0
5745	0
5746	0
5747	0
5748	1
5749	0
5750	0
5751	2
5752	0
5753	0
5754	0
5755	0
5756	0
5757	0
5758	1
5759	0
5760	0
5761	0
5762	0
5763	0
5764	0
5765	0
5766	0
5767	0
5768	0
5769	0
5770	0
5771	0
5772	0
5773	2
5774	1
5775	0
5776	2
5777	0
5778	1
5779	0
5780	0
5781	0
5782	0
5783	0
5784	0
5785	1
5786	1
5787	1
5788	0
5789	0
5790	0
5791	1
5792	0
5793	1
5794	1
5795	1
5796	0
5797	0
5798	2
5799	0
5800	1
5801	0
5802	0
5803	0
5804	2
5805	1
5806	0
5807	1
5808	0
5809	0
5810	1
5811	1
5812	3
5813	0
5814	1
5815	1
5816	0
5817	0
5818	4
5819	0
5820	0
5821	1
5822	0
5823	0
5824	0
5825	1
5826	2
5827	0
5828	1
5829	2
5830	0
5831	1
5832	0
5833	1
5834	0
5835	0
5836	0
5837	1
5838	0
5839	1
5840	0
5841	2
5842	1
5843	0
5844	2
5845	0
5846	0
5847	0
5848	3
5849	0
5850	2
5851	1
5852	1
5853	2
5854	0
5855	0
5856	1
5857	0
5858	0
5859	0
5860	0
5861	0
5862	0
5863	0
5864	0
5865	2
5866	0
5867	0
5868	0
5869	0
5870	0
5871	1
5872	0
5873	0
5874	1
5875	1
5876	0
5877	0
5878	0
5879	0
5880	1
5881	1
5882	2
5883	2
5884	2
5885	1
5886	1
5887	1
5888	1
5889	0
5890	0
5891	0
5892	1
5893	1
5894	0
5895	1
5896	0
5897	0
5898	1
5899	0
5900	0
5901	0
5902	0
5903	1
5904	0
5905	0
5906	0
5907	0
5908	1
5909	0
5910	1
5911	1
5912	0
5913	1
5914	1
5915	3
5916	1
5917	0
5918	2
5919	0
5920	1
5921	0
5922	0
5923	0
5924	2
5925	0
5926	2
5927	0
5928	1
5929	1
5930	0
5931	2
5932	1
5933	1
5934	0
5935	0
5936	0
5937	1
5938	1
5939	0
5940	1
5941	1
5942	0
5943	2
5944	1
5945	0
5946	1
5947	1
5948	1
5949	0
5950	1
5951	1
5952	0
5953	2
5954	1
5955	0
5956	1
5957	0
5958	0
5959	0
5960	1
5961	0
5962	1
5963	1
5964	1
5965	1
5966	0
5967	0
5968	1
5969	0
5970	0
5971	0
5972	0
5973	1
5974	1
5975	1
5976	1
5977	1
5978	2
5979	2
5980	1
5981	0
5982	1
5983	0
5984	0
5985	1
5986	0
5987	0
5988	1
5989	1
5990	0
5991	0
5992	0
5993	0
5994	0
5995	1
5996	0
5997	1
5998	1
5999	0
6000	0
6001	0
6002	3
6003	0
6004	2
6005	0
6006	0
6007	0
6008	0
6009	1
6010	0
6011	1
6012	1
6013	0
6014	0
6015	0
6016	0
6017	1
6018	0
6019	1
6020	1
6021	0
6022	0
6023	1
6024	0
6025	1
6026	0
6027	2
6028	2
6029	1
6030	0
6031	0
6032	0
6033	2
6034	0
6035	0
6036	0
6037	0
6038	0
6039	0
6040	0
6041	1
6042	0
6043	2
6044	1
6045	0
6046	0
6047	0
6048	1
6049	0
6050	0
6051	0
6052	0
6053	0
6054	2
6055	0
6056	1
6057	0
6058	0
6059	0
6060	0
6061	0
6062	1
6063	1
6064	1
6065	1
6066	0
6067	1
6068	0
6069	0
6070	1
6071	1
6072	2
6073	0
6074	3
6075	2
6076	0
6077	0
6078	0
6079	1
6080	0
6081	0
6082	0
6083	1
6084	0
6085	0
6086	1
6087	0
6088	2
6089	1
6090	0
6091	0
6092	1
6093	0
6094	2
6095	1
6096	0
6097	1
6098	0
6099	2
6100	0
6101	1
6102	1
6103	2
6104	0
6105	0
6106	0
6107	0
6108	0
6109	0
6110	0
6111	0
6112	1
6113	0
6114	0
6115	0
6116	1
6117	1
6118	0
6119	0
6120	1
6121	0
6122	0
6123	0
6124	2
6125	1
6126	1
6127	0
6128	0
6129	1
6130	0
6131	1
6132	0
6133	0
6134	0
6135	1
6136	1
6137	0
6138	0
6139	1
6140	1
6141	0
6142	0
6143	1
6144	0
6145	0
6146	0
6147	0
6148	0
6149	0
6150	1
6151	1
6152	0
6153	0
6154	0
6155	1
6156	2
6157	0
6158	0
6159	1
6160	1
6161	0
6162	1
6163	0
6164	0
6165	0
6166	0
6167	1
6168	1
6169	0
6170	3
6171	0
6172	0
6173	0
6174	1
6175	0
6176	0
6177	1
6178	0
6179	0
6180	0
6181	1
6182	1
6183	0
6184	0
6185	0
6186	0
6187	0
6188	0
6189	0
6190	0
6191	2
6192	0
6193	0
6194	0
6195	1
6196	0
6197	0
6198	1
6199	1
6200	1
6201	0
6202	1
6203	0
6204	0
6205	2
6206	0
6207	0
6208	0
6209	0
6210	0
6211	0
6212	1
6213	0
6214	2
6215	0
6216	0
6217	0
6218	1
6219	0
6220	0
6221	0
6222	0
6223	1
6224	0
6225	0
6226	0
6227	0
6228	2
6229	0
6230	0
6231	0
6232	0
6233	0
6234	1
6235	0
6236	0
6237	0
6238	0
6239	0
6240	1
6241	0
6242	0
6243	0
6244	2
6245	0
6246	1
6247	0
6248	1
6249	0
6250	0
6251	0
6252	1
6253	0
6254	0
6255	0
6256	0
6257	0
6258	0
6259	0
6260	0
6261	0
6262	1
6263	1
6264	0
6265	0
6266	0
6267	0
6268	0
6269	0
6270	0
6271	0
6272	1
6273	0
6274	1
6275	1
6276	0
6277	0
6278	0
6279	0
6280	0
6281	1
6282	1
6283	0
6284	0
6285	0
6286	0
6287	0
6288	1
6289	0
6290	0
6291	0
6292	0
6293	0
6294	0
6295	1
6296	0
6297	1
6298	1
6299	1
6300	0
6301	1
6302	0
6303	0
6304	1
6305	0
6306	0
6307	0
6308	0
6309	0
6310	0
6311	1
6312	1
6313	0
6314	0
6315	0
6316	0
6317	1
6318	0
6319	0
6320	0
6321	0
6322	1
6323	1
6324	0
6325	0
6326	0
6327	0
6328	0
6329	1
6330	1
6331	0
6332	1
6333	0
6334	2
6335	1
6336	0
6337	0
6338	1
6339	0
6340	0
6341	0
6342	0
6343	1
6344	1
6345	0
6346	0
6347	0
6348	0
6349	0
6350	0
6351	0
6352	0
6353	0
6354	1
6355	0
6356	0
6357	1
6358	0
6359	0
6360	0
6361	1
6362	0
6363	0
6364	1
6365	1
6366	0
6367	1
6368	0
6369	0
6370	0
6371	1
6372	0
6373	0
6374	0
6375	1
6376	0
6377	0
6378	0
6379	0
6380	0
6381	0
6382	0
6383	1
6384	0
6385	0
6386	1
6387	0
6388	0
6389	0
6390	1
6391	0
6392	0
6393	1
6394	0
6395	0
6396	0
6397	0
6398	1
6399	0
6400	1
6401	0
6402	0
6403	0
6404	0
6405	0
6406	0
6407	0
6408	1
6409	0
6410	0
6411	0
6412	0
6413	0
6414	0
6415	1
6416	1
6417	0
6418	0
6419	0
6420	0
6421	2
6422	1
6423	0
6424	0
6425	1
6426	0
6427	0
6428	1
6429	0
6430	0
6431	0
6432	2
6433	0
6434	0
6435	0
6436	0
6437	0
6438	0
6439	0
6440	0
6441	0
6442	0
6443	0
6444	0
6445	0
6446	0
6447	0
6448	0
6449	0
6450	0
6451	0
6452	0
6453	0
6454	0
6455	0
6456	0
6457	1
6458	0
6459	0
6460	1
6461	0
6462	0
6463	0
6464	0
6465	0
6466	4
6467	0
6468	0
6469	0
6470	0
6471	0
6472	0
6473	0
6474	0
6475	1
6476	0
6477	0
6478	1
6479	1
6480	0
6481	0
6482	0
6483	0
6484	0
6485	0
6486	0
6487	0
6488	0
6489	1
6490	0
6491	1
6492	1
6493	0
6494	0
6495	0
6496	0
6497	0
6498	0
6499	0
6500	0
6501	0
6502	1
6503	0
6504	0
6505	0
6506	0
6507	0
6508	0
6509	0
6510	0
6511	0
6512	0
6513	0
6514	0
6515	0
6516	0
6517	0
6518	2
6519	0
6520	0
6521	1
6522	0
6523	0
6524	0
6525	0
6526	1
6527	0
6528	0
6529	1
6530	0
6531	0
6532	0
6533	0
6534	0
6535	0
6536	0
6537	0
6538	1
6539	1
6540	2
6541	0
6542	0
6543	1
6544	2
6545	0
6546	2
6547	0
6548	1
6549	0
6550	0
6551	0
6552	0
6553	1
6554	0
6555	0
6556	0
6557	0
6558	0
6559	0
6560	0
6561	0
6562	1
6563	0
6564	2
6565	0
6566	0
6567	0
6568	1
6569	0
6570	1
6571	0
6572	0
6573	0
6574	0
6575	0
6576	0
6577	0
6578	0
6579	0
6580	2
6581	0
6582	1
6583	0
6584	0
6585	1
6586	0
6587	0
6588	1
6589	0
6590	0
6591	0
6592	0
6593	0
6594	0
6595	1
6596	0
6597	0
6598	1
6599	1
6600	1
6601	0
6602	0
6603	0
6604	0
6605	0
6606	0
6607	0
6608	0
6609	1
6610	0
6611	0
6612	0
6613	0
6614	0
6615	0
6616	0
6617	0
6618	1
6619	1
6620	0
6621	1
6622	0
6623	0
6624	0
6625	0
6626	0
6627	0
6628	0
6629	0
6630	0
6631	1
6632	0
6633	0
6634	0
6635	0
6636	0
6637	0
6638	1
6639	1
6640	0
6641	0
6642	0
6643	0
6644	0
6645	0
6646	0
6647	0
6648	1
6649	0
6650	0
6651	1
6652	1
6653	0
6654	0
6655	0
6656	1
6657	0
6658	0
6659	0
6660	0
6661	0
6662	0
6663	0
6664	0
6665	0
6666	0
6667	1
6668	0
6669	0
6670	0
6671	0
6672	0
6673	0
6674	1
6675	0
6676	1
6677	0
6678	0
6679	1
6680	0
6681	0
6682	0
6683	0
6684	0
6685	0
6686	0
6687	0
6688	0
6689	0
6690	0
6691	0
6692	0
6693	0
6694	0
6695	0
6696	1
6697	0
6698	0
6699	0
6700	0
6701	0
6702	0
6703	0
6704	0
6705	0
6706	0
6707	1
6708	0
6709	0
6710	0
6711	0
6712	0
6713	0
6714	0
6715	1
6716	0
6717	0
6718	0
6719	0
6720	1
6721	0
6722	0
6723	0
6724	0
6725	0
6726	1
6727	1
6728	0
6729	1
6730	0
6731	0
6732	0
6733	0
6734	0
6735	0
6736	0
6737	0
6738	0
6739	0
6740	1
6741	0
6742	2
6743	0
6744	0
6745	0
6746	0
6747	2
6748	0
6749	0
6750	1
6751	1
6752	1
6753	0
6754	0
6755	1
6756	2
6757	0
6758	0
6759	0
6760	0
6761	1
6762	1
6763	0
6764	0
6765	0
6766	0
6767	0
6768	0
6769	0
6770	1
6771	0
6772	0
6773	1
6774	0
6775	1
6776	0
6777	0
6778	1
6779	0
6780	0
6781	0
6782	0
6783	0
6784	2
6785	0
6786	0
6787	0
6788	0
6789	1
6790	0
6791	2
6792	0
6793	0
6794	0
6795	0
6796	2
6797	0
6798	1
6799	1
6800	0
6801	1
6802	1
6803	0
6804	0
6805	0
6806	2
6807	1
6808	1
6809	1
6810	1
6811	0
6812	0
6813	0
6814	0
6815	0
6816	0
6817	0
6818	0
6819	0
6820	0
6821	0
6822	0
6823	0
6824	0
6825	1
6826	0
6827	0
6828	0
6829	1
6830	0
6831	1
6832	0
6833	0
6834	0
6835	1
6836	0
6837	0
6838	0
6839	0
6840	1
6841	0
6842	0
6843	2
6844	1
6845	0
6846	0
6847	0
6848	2
6849	0
6850	2
6851	1
6852	0
6853	1
6854	0
6855	1
6856	1
6857	1
6858	1
6859	1
6860	0
6861	0
6862	0
6863	1
6864	1
6865	0
6866	0
6867	0
6868	2
6869	0
6870	0
6871	0
6872	0
6873	1
6874	0
6875	3
6876	0
6877	1
6878	0
6879	1
6880	0
6881	0
6882	1
6883	0
6884	0
6885	1
6886	0
6887	1
6888	0
6889	1
6890	0
6891	2
6892	0
6893	0
6894	1
6895	1
6896	0
6897	0
6898	0
6899	1
6900	1
6901	0
6902	1
6903	2
6904	1
6905	0
6906	0
6907	1
6908	1
6909	0
6910	0
6911	0
6912	1
6913	1
6914	1
6915	0
6916	0
6917	1
6918	0
6919	2
6920	1
6921	0
6922	1
6923	1
6924	0
6925	0
6926	2
6927	3
6928	2
6929	0
6930	2
6931	1
6932	1
6933	0
6934	1
6935	1
6936	0
6937	1
6938	0
6939	1
6940	0
6941	1
6942	0
6943	0
6944	1
6945	1
6946	0
6947	0
6948	0
6949	1
6950	0
6951	0
6952	0
6953	0
6954	0
6955	2
6956	0
6957	0
6958	1
6959	1
6960	0
6961	2
6962	0
6963	0
6964	1
6965	0
6966	2
6967	2
6968	1
6969	0
6970	1
6971	0
6972	1
6973	1
6974	0
6975	2
6976	1
6977	1
6978	0
6979	0
6980	1
6981	2
6982	0
6983	1
6984	0
6985	1
6986	0
6987	0
6988	2
6989	3
6990	1
6991	2
6992	0
6993	0
6994	0
6995	0
6996	0
6997	0
6998	0
6999	0
7000	1
7001	1
7002	0
7003	2
7004	3
7005	0
7006	0
7007	0
7008	0
7009	0
7010	0
7011	2
7012	0
7013	1
7014	2
7015	1
7016	3
7017	0
7018	0
7019	0
7020	1
7021	0
7022	2
7023	0
7024	0
7025	0
7026	0
7027	0
7028	1
7029	0
7030	0
7031	0
7032	1
7033	0
7034	0
7035	1
7036	0
7037	2
7038	1
7039	2
7040	0
7041	1
7042	1
7043	1
7044	0
7045	0
7046	0
7047	0
7048	0
7049	1
7050	0
7051	0
7052	0
7053	1
7054	2
7055	0
7056	3
7057	0
7058	2
7059	0
7060	1
7061	0
7062	1
7063	1
7064	2
7065	0
7066	0
7067	1
7068	0
7069	0
7070	1
7071	3
7072	1
7073	0
7074	0
7075	2
7076	0
7077	1
7078	0
7079	0
7080	2
7081	2
7082	3
7083	1
7084	0
7085	0
7086	1
7087	1
7088	1
7089	1
7090	1
7091	1
7092	1
7093	0
7094	0
7095	0
7096	1
7097	1
7098	1
7099	0
7100	1
7101	0
7102	2
7103	0
7104	0
7105	0
7106	0
7107	2
7108	0
7109	2
7110	0
7111	3
7112	0
7113	0
7114	2
7115	1
7116	1
7117	0
7118	0
7119	0
7120	0
7121	0
7122	2
7123	1
7124	0
7125	0
7126	0
7127	0
7128	0
7129	0
7130	0
7131	0
7132	0
7133	0
7134	1
7135	0
7136	1
7137	1
7138	0
7139	1
7140	1
7141	0
7142	0
7143	1
7144	0
7145	0
7146	1
7147	0
7148	2
7149	1
7150	0
7151	1
7152	0
7153	0
7154	0
7155	1
7156	0
7157	0
7158	0
7159	0
7160	0
7161	0
7162	0
7163	0
7164	1
7165	0
7166	0
7167	0
7168	1
7169	0
7170	0
7171	0
7172	0
7173	0
7174	1
7175	0
7176	0
7177	0
7178	1
7179	0
7180	0
7181	0
7182	1
7183	1
7184	0
7185	0
7186	0
7187	0
7188	1
7189	0
7190	0
7191	0
7192	0
7193	0
7194	1
7195	1
7196	0
7197	0
7198	0
7199	1
7200	0
7201	0
7202	0
7203	0
7204	0
7205	0
7206	0
7207	0
7208	0
7209	0
7210	0
7211	0
7212	0
7213	1
7214	0
7215	1
7216	0
7217	1
7218	0
7219	0
7220	0
7221	1
7222	0
7223	0
7224	0
7225	0
7226	0
7227	0
7228	0
7229	0
7230	0
7231	0
7232	0
7233	0
7234	0
7235	0
7236	0
7237	0
7238	0
7239	0
7240	0
7241	0
7242	0
7243	0
7244	0
7245	0
7246	0
7247	0
7248	1
7249	0
7250	1
7251	0
7252	0
7253	0
7254	0
7255	1
7256	0
7257	0
7258	0
7259	2
7260	0
7261	0
7262	0
7263	0
7264	0
7265	0
7266	0
7267	0
7268	0
7269	0
7270	0
7271	0
7272	0
7273	0
7274	0
7275	1
7276	0
7277	0
7278	0
7279	0
7280	0
7281	0
7282	0
7283	0
7284	0
7285	0
7286	1
7287	0
7288	0
7289	0
7290	0
7291	0
7292	0
7293	0
7294	0
7295	0
7296	0
7297	0
7298	0
7299	0
7300	0
7301	0
7302	0
7303	0
7304	0
7305	0
7306	0
7307	1
7308	0
7309	0
7310	0
7311	0
7312	1
7313	0
7314	0
7315	0
7316	0
7317	0
7318	0
7319	0
7320	0
7321	0
7322	0
7323	0
7324	0
7325	0
7326	0
7327	0
7328	0
7329	0
7330	0
7331	0
7332	0
7333	0
7334	0
7335	1
7336	0
7337	0
7338	0
7339	0
7340	0
7341	0
7342	0
7343	0
7344	0
7345	0
7346	0
7347	0
7348	0
7349	0
7350	0
7351	0
7352	0
7353	0
7354	0
7355	0
7356	1
7357	0
7358	0
7359	0
7360	0
7361	0
7362	0
7363	0
7364	0
7365	0
7366	0
7367	0
7368	0
7369	0
7370	0
7371	0
7372	0
7373	0
7374	0
7375	0
7376	0
7377	1
7378	0
7379	0
7380	0
7381	0
7382	0
7383	0
7384	0
7385	0
7386	0
7387	0
7388	0
7389	1
7390	0
7391	1
7392	0
7393	0
7394	0
7395	0
7396	0
7397	0
7398	0
7399	0
7400	0
7401	0
7402	0
7403	0
7404	0
7405	0
7406	0
7407	0
7408	0
7409	0
7410	0
7411	0
7412	0
7413	0
7414	0
7415	0
7416	0
7417	0
7418	0
7419	0
7420	0
7421	0
7422	0
7423	0
7424	0
7425	0
7426	0
7427	0
7428	0
7429	0
7430	0
7431	0
7432	0
7433	0
7434	0
7435	0
7436	0
7437	0
7438	0
7439	0
7440	0
7441	0
7442	0
7443	0
7444	0
7445	0
7446	0
7447	0
7448	0
7449	0
7450	0
7451	0
7452	0
7453	0
7454	0
7455	0
7456	0
7457	0
7458	0
7459	0
7460	0
7461	0
7462	0
7463	0
7464	0
7465	0
7466	0
7467	0
7468	0
7469	0
7470	0
7471	0
7472	0
7473	0
7474	0
7475	0
7476	0
7477	0
7478	1
7479	0
7480	0
7481	0
7482	0
7483	0
7484	0
7485	0
7486	0
7487	0
7488	0
7489	0
7490	0
7491	0
7492	0
7493	0
7494	0
7495	0
7496	0
7497	0
7498	0
7499	0
7500	0
7501	0
7502	0
7503	0
7504	0
7505	0
7506	0
7507	0
7508	0
7509	0
7510	0
7511	0
7512	0
7513	0
7514	0
7515	0
7516	0
7517	0
7518	0
7519	0
7520	0
7521	0
7522	0
7523	0
7524	0
7525	0
7526	0
7527	0
7528	0
7529	0
7530	0
7531	0
7532	0
7533	0
7534	0
7535	0
7536	0
7537	0
7538	0
7539	0
7540	0
7541	0
7542	0
7543	0
7544	0
7545	0
7546	0
7547	0
7548	0
7549	0
7550	0
7551	0
7552	0
7553	0
7554	0
7555	0
7556	0
7557	0
7558	0
7559	0
7560	0
7561	0
7562	0
7563	0
7564	0
7565	0
7566	0
7567	0
7568	0
7569	0
7570	0
7571	0
7572	0
7573	0
7574	0
7575	0
7576	0
7577	0
7578	0
7579	0
7580	0
7581	0
7582	0
7583	0
7584	0
7585	0
7586	0
7587	0
7588	0
7589	0
7590	0
7591	0
7592	0
7593	0
7594	0
7595	0
7596	0
7597	0
7598	0
7599	0
7600	0
7601	0
7602	0
7603	0
7604	0
7605	0
7606	0
7607	0
7608	0
7609	0
7610	0
7611	0
7612	0
7613	0
7614	0
7615	0
7616	0
7617	0
7618	0
7619	0
7620	0
7621	0
7622	0
7623	0
7624	0
7625	0
7626	0
7627	0
7628	0
7629	0
7630	0
7631	0
7632	0
7633	0
7634	0
7635	0
7636	0
7637	0
7638	0
7639	0
7640	0
7641	0
7642	0
7643	0
7644	0
7645	0
7646	0
7647	0
7648	0
7649	0
7650	1
7651	0
7652	0
7653	0
7654	0
7655	0
7656	0
7657	0
7658	0
7659	0
7660	0
7661	0
7662	0
7663	0
7664	0
7665	0
7666	0
7667	0
7668	0
7669	0
7670	0
7671	0
7672	0
7673	0
7674	0
7675	0
7676	0
7677	0
7678	0
7679	0
7680	0
7681	0
7682	0
7683	0
7684	0
7685	0
7686	0
7687	0
7688	0
7689	0
7690	0
7691	0
7692	0
7693	0
7694	0
7695	0
7696	0
7697	0
7698	0
7699	0
7700	0
7701	0
7702	0
7703	0
7704	0
7705	0
7706	0
7707	0
7708	0
7709	0
7710	0
7711	0
7712	0
7713	0
7714	0
7715	0
7716	0
7717	0
7718	0
7719	0
7720	0
7721	0
7722	0
7723	0
7724	0
7725	0
7726	0
7727	0
7728	0
7729	0
7730	0
7731	0
7732	0
7733	0
7734	0
7735	0
7736	0
7737	0
7738	0
7739	0
7740	0
7741	0
7742	0
7743	0
7744	0
7745	0
7746	0
7747	0
7748	0
7749	0
7750	0
7751	0
7752	0
7753	0
7754	0
7755	0
7756	0
7757	0
7758	0
7759	0
7760	0
7761	0
7762	0
7763	0
7764	0
7765	0
7766	0
7767	0
7768	0
7769	0
7770	0
7771	0
7772	0
7773	0
7774	0
7775	0
7776	0
7777	0
7778	0
7779	0
7780	0
7781	0
7782	0
7783	0
7784	0
7785	0
7786	0
7787	1
7788	0
7789	0
7790	0
7791	0
7792	0
7793	0
7794	0
7795	0
7796	0
7797	0
7798	0
7799	0
7800	0
7801	0
7802	0
7803	0
7804	0
7805	0
7806	1
7807	0
7808	0
7809	0
7810	0
7811	0
7812	0
7813	0
7814	0
7815	0
7816	0
7817	0
7818	0
7819	0
7820	0
7821	0
7822	0
7823	0
7824	0
7825	0
7826	1
7827	0
7828	0
7829	0
7830	0
7831	0
7832	0
7833	0
7834	0
7835	0
7836	0
7837	0
7838	0
7839	0
7840	0
7841	0
7842	0
7843	0
7844	0
7845	0
7846	0
7847	0
7848	0
7849	0
7850	0
7851	0
7852	0
7853	0
7854	0
7855	0
7856	0
7857	0
7858	0
7859	0
7860	0
7861	0
7862	0
7863	0
7864	0
7865	0
7866	0
7867	0
7868	0
7869	0
7870	0
7871	0
7872	0
7873	0
7874	0
7875	0
7876	0
7877	0
7878	0
7879	0
7880	0
7881	0
7882	0
7883	0
7884	0
7885	0
7886	0
7887	0
7888	0
7889	0
7890	0
7891	0
7892	0
7893	0
7894	0
7895	0
7896	0
7897	0
7898	0
7899	0
7900	0
7901	0
7902	0
7903	0
7904	0
7905	0
7906	0
7907	0
7908	0
7909	0
7910	0
7911	0
7912	0
7913	0
7914	0
7915	0
7916	0
7917	0
7918	0
7919	0
7920	0
7921	0
7922	0
7923	0
7924	0
7925	0
7926	0
7927	0
7928	0
7929	0
7930	0
7931	0
7932	0
7933	0
7934	0
7935	0
7936	0
7937	0
7938	0
7939	0
7940	0
7941	0
7942	0
7943	0
7944	0
7945	0
7946	0
7947	0
7948	0
7949	0
7950	0
7951	0
7952	0
7953	0
7954	0
7955	0
7956	0
7957	0
7958	0
7959	0
7960	0
7961	0
7962	0
7963	0
7964	0
7965	0
7966	0
7967	0
7968	0
7969	0
7970	0
7971	0
7972	0
7973	0
7974	0
7975	0
7976	0
7977	0
7978	0
7979	0
7980	0
7981	0
7982	0
7983	0
7984	0
7985	0
7986	0
7987	0
7988	0
7989	0
7990	0
7991	0
7992	0
7993	0
7994	0
7995	0
7996	0
7997	0
7998	0
7999	0
8000	0
8001	0
8002	0
8003	0
8004	0
8005	0
8006	0
8007	0
8008	0
8009	0
8010	0
8011	0
8012	0
8013	0
8014	0
8015	0
8016	0
8017	0
8018	0
8019	0
8020	0
8021	0
8022	0
8023	0
8024	0
8025	0
8026	0
8027	0
8028	0
8029	0
8030	0
8031	0
8032	0
8033	0
8034	0
8035	0
8036	0
8037	0
8038	0
8039	0
8040	0
8041	0
8042	0
8043	0
8044	0
8045	0
8046	0
8047	0
8048	0
8049	0
8050	0
8051	0
8052	0
8053	0
8054	0
8055	0
8056	0
8057	0
8058	0
8059	0
8060	0
8061	0
8062	0
8063	1
8064	0
8065	0
8066	0
8067	0
8068	0
8069	0
8070	0
8071	0
8072	0
8073	0
8074	0
8075	0
8076	0
8077	0
8078	0
8079	0
8080	0
8081	0
8082	0
8083	0
8084	0
8085	0
8086	0
8087	0
8088	0
8089	0
8090	0
8091	1
8092	0
8093	0
8094	0
8095	0
8096	0
8097	0
8098	0
8099	0
8100	0
8101	0
8102	0
8103	0
8104	0
8105	0
8106	0
8107	0
8108	0
8109	0
8110	0
8111	0
8112	0
8113	0
8114	0
8115	0
8116	0
8117	0
8118	0
8119	0
8120	0
8121	0
8122	0
8123	0
8124	0
8125	0
8126	0
8127	0
8128	0
8129	0
8130	0
8131	0
8132	0
8133	0
8134	0
8135	0
8136	0
8137	0
8138	0
8139	0
8140	0
8141	0
8142	0
8143	0
8144	0
8145	0
8146	0
8147	0
8148	0
8149	0
8150	0
8151	0
8152	0
8153	0
8154	0
8155	0
8156	0
8157	0
8158	0
8159	0
8160	0
8161	0
8162	0
8163	0
8164	0
8165	0
8166	0
8167	0
8168	0
8169	0
8170	0
8171	0
8172	0
8173	0
8174	0
8175	0
8176	0
8177	0
8178	0
8179	0
8180	0
8181	0
8182	0
8183	1
8184	0
8185	0
8186	0
8187	0
8188	0
8189	0
8190	0
8191	0
