Filename:  S1.mca
Description:  
TimeStamp:  12/28/2024 11:12:33

ROI Information
Start	End	FWHM (N)	Net Area	Gross Area	Centroid (N)	Uncertainty	Status
1420	1486	0.000	0	1755	0	0	BAD
1979	2202	2.046	492	2601	2150.16	13.95	GOOD
3175	3556	1.449	257	1207	3462.24	18.07	GOOD
3925	4411	2.140	999	1726	4142.06	4.96	GOOD
4733	5108	0.000	0	373	0	0	BAD

Spectral Data Information
Channel	Data
0	0
1	0
2	0
3	0
4	0
5	0
6	0
7	0
8	0
9	0
10	0
11	0
12	0
13	0
14	0
15	0
16	0
17	0
18	0
19	0
20	0
21	0
22	0
23	0
24	0
25	0
26	0
27	0
28	0
29	0
30	0
31	0
32	0
33	0
34	0
35	0
36	0
37	0
38	0
39	0
40	0
41	0
42	0
43	0
44	0
45	0
46	0
47	0
48	0
49	0
50	0
51	0
52	0
53	0
54	0
55	0
56	0
57	0
58	0
59	0
60	0
61	0
62	0
63	0
64	0
65	0
66	0
67	0
68	0
69	0
70	0
71	0
72	0
73	0
74	0
75	0
76	0
77	0
78	0
79	0
80	0
81	0
82	0
83	0
84	0
85	0
86	0
87	0
88	0
89	0
90	0
91	0
92	0
93	0
94	0
95	0
96	0
97	0
98	0
99	0
100	0
101	0
102	0
103	0
104	0
105	0
106	0
107	0
108	0
109	0
110	0
111	0
112	0
113	0
114	0
115	0
116	0
117	0
118	0
119	0
120	0
121	0
122	0
123	0
124	0
125	0
126	0
127	0
128	0
129	0
130	0
131	0
132	0
133	0
134	0
135	0
136	0
137	0
138	0
139	0
140	0
141	0
142	0
143	0
144	0
145	0
146	0
147	0
148	0
149	0
150	0
151	0
152	0
153	0
154	0
155	0
156	0
157	0
158	0
159	0
160	0
161	0
162	0
163	0
164	0
165	0
166	0
167	0
168	0
169	0
170	0
171	0
172	0
173	0
174	0
175	0
176	0
177	0
178	0
179	0
180	0
181	0
182	0
183	0
184	0
185	0
186	0
187	0
188	0
189	0
190	0
191	0
192	0
193	0
194	0
195	0
196	0
197	0
198	0
199	0
200	0
201	0
202	0
203	0
204	0
205	0
206	0
207	0
208	0
209	0
210	0
211	0
212	0
213	0
214	0
215	0
216	0
217	0
218	0
219	0
220	0
221	0
222	0
223	0
224	0
225	0
226	0
227	0
228	0
229	0
230	0
231	0
232	0
233	0
234	0
235	0
236	0
237	0
238	0
239	0
240	0
241	0
242	0
243	0
244	0
245	0
246	0
247	0
248	0
249	0
250	0
251	0
252	0
253	0
254	0
255	0
256	0
257	0
258	0
259	0
260	0
261	0
262	0
263	0
264	0
265	0
266	0
267	0
268	0
269	0
270	0
271	0
272	0
273	0
274	0
275	0
276	0
277	0
278	0
279	0
280	0
281	0
282	0
283	0
284	0
285	0
286	0
287	0
288	0
289	0
290	0
291	0
292	0
293	0
294	0
295	0
296	0
297	0
298	0
299	0
300	0
301	0
302	0
303	0
304	0
305	0
306	0
307	0
308	0
309	0
310	0
311	0
312	0
313	0
314	0
315	0
316	0
317	0
318	0
319	0
320	0
321	0
322	0
323	0
324	0
325	0
326	0
327	0
328	0
329	0
330	0
331	0
332	0
333	0
334	0
335	0
336	0
337	0
338	0
339	0
340	0
341	0
342	0
343	0
344	0
345	0
346	0
347	0
348	0
349	0
350	0
351	0
352	0
353	0
354	0
355	0
356	0
357	0
358	0
359	0
360	0
361	0
362	0
363	0
364	0
365	0
366	0
367	0
368	0
369	0
370	0
371	0
372	0
373	0
374	0
375	0
376	0
377	0
378	0
379	0
380	0
381	0
382	0
383	0
384	0
385	0
386	0
387	0
388	0
389	0
390	0
391	0
392	0
393	0
394	0
395	0
396	0
397	0
398	0
399	0
400	0
401	0
402	0
403	0
404	0
405	0
406	0
407	0
408	0
409	0
410	0
411	0
412	0
413	0
414	0
415	0
416	0
417	0
418	0
419	0
420	0
421	0
422	0
423	0
424	0
425	0
426	0
427	0
428	0
429	0
430	0
431	0
432	0
433	0
434	0
435	0
436	0
437	0
438	0
439	0
440	0
441	0
442	0
443	0
444	0
445	0
446	0
447	0
448	0
449	0
450	0
451	0
452	0
453	0
454	0
455	0
456	0
457	0
458	0
459	0
460	0
461	0
462	0
463	0
464	0
465	0
466	0
467	0
468	0
469	0
470	0
471	0
472	0
473	0
474	0
475	0
476	0
477	0
478	0
479	0
480	0
481	0
482	0
483	0
484	0
485	0
486	0
487	0
488	0
489	0
490	0
491	0
492	0
493	0
494	0
495	0
496	0
497	0
498	0
499	0
500	0
501	0
502	0
503	0
504	0
505	0
506	0
507	0
508	0
509	0
510	0
511	0
512	0
513	0
514	0
515	0
516	0
517	0
518	0
519	0
520	0
521	0
522	0
523	0
524	0
525	0
526	0
527	0
528	0
529	0
530	0
531	0
532	0
533	0
534	0
535	0
536	0
537	0
538	0
539	0
540	0
541	0
542	0
543	0
544	0
545	0
546	0
547	0
548	0
549	0
550	0
551	0
552	0
553	0
554	0
555	0
556	0
557	0
558	0
559	0
560	0
561	0
562	0
563	0
564	0
565	0
566	0
567	0
568	0
569	0
570	0
571	0
572	0
573	0
574	0
575	0
576	0
577	0
578	0
579	0
580	0
581	0
582	0
583	0
584	0
585	0
586	0
587	0
588	0
589	0
590	0
591	0
592	0
593	0
594	0
595	0
596	0
597	0
598	0
599	0
600	0
601	0
602	0
603	0
604	0
605	0
606	0
607	0
608	0
609	0
610	0
611	0
612	0
613	0
614	0
615	0
616	0
617	0
618	0
619	0
620	0
621	0
622	0
623	35
624	36
625	41
626	27
627	33
628	33
629	44
630	39
631	30
632	38
633	40
634	39
635	24
636	43
637	31
638	44
639	41
640	31
641	30
642	47
643	39
644	47
645	42
646	47
647	40
648	45
649	44
650	50
651	41
652	45
653	51
654	54
655	46
656	65
657	42
658	51
659	46
660	53
661	49
662	63
663	56
664	51
665	41
666	49
667	66
668	54
669	53
670	51
671	65
672	55
673	63
674	56
675	60
676	58
677	67
678	65
679	61
680	77
681	72
682	54
683	57
684	81
685	83
686	72
687	57
688	80
689	78
690	60
691	74
692	83
693	81
694	92
695	96
696	79
697	82
698	91
699	87
700	86
701	77
702	86
703	89
704	94
705	89
706	95
707	96
708	100
709	92
710	86
711	90
712	104
713	92
714	117
715	116
716	117
717	112
718	107
719	98
720	126
721	111
722	110
723	119
724	122
725	120
726	123
727	126
728	128
729	125
730	119
731	134
732	116
733	131
734	133
735	131
736	126
737	134
738	121
739	136
740	125
741	138
742	141
743	135
744	148
745	135
746	148
747	132
748	149
749	139
750	134
751	151
752	159
753	145
754	127
755	149
756	155
757	153
758	177
759	159
760	172
761	153
762	161
763	158
764	139
765	164
766	143
767	148
768	168
769	156
770	138
771	148
772	180
773	145
774	147
775	138
776	136
777	162
778	139
779	172
780	179
781	152
782	149
783	152
784	157
785	153
786	158
787	163
788	149
789	147
790	133
791	142
792	149
793	150
794	158
795	115
796	143
797	154
798	160
799	139
800	137
801	158
802	142
803	138
804	153
805	159
806	142
807	138
808	135
809	147
810	120
811	133
812	145
813	148
814	127
815	123
816	136
817	125
818	131
819	169
820	120
821	138
822	142
823	154
824	125
825	140
826	145
827	119
828	134
829	149
830	146
831	129
832	123
833	118
834	131
835	116
836	112
837	138
838	145
839	99
840	127
841	134
842	110
843	127
844	137
845	128
846	135
847	122
848	132
849	128
850	117
851	117
852	112
853	121
854	134
855	127
856	112
857	118
858	126
859	115
860	132
861	116
862	123
863	141
864	118
865	120
866	137
867	115
868	103
869	138
870	121
871	126
872	101
873	126
874	128
875	111
876	112
877	114
878	119
879	114
880	106
881	126
882	117
883	106
884	108
885	122
886	112
887	118
888	94
889	115
890	109
891	113
892	110
893	123
894	125
895	107
896	130
897	109
898	111
899	101
900	101
901	121
902	106
903	104
904	103
905	117
906	102
907	94
908	111
909	109
910	125
911	109
912	108
913	107
914	110
915	108
916	130
917	111
918	101
919	80
920	105
921	130
922	92
923	112
924	93
925	106
926	110
927	114
928	90
929	94
930	94
931	112
932	93
933	108
934	121
935	78
936	88
937	91
938	92
939	94
940	98
941	83
942	92
943	90
944	98
945	93
946	108
947	101
948	95
949	79
950	88
951	105
952	103
953	92
954	105
955	74
956	91
957	86
958	107
959	82
960	89
961	87
962	81
963	81
964	89
965	84
966	103
967	85
968	95
969	83
970	78
971	97
972	83
973	81
974	83
975	94
976	80
977	94
978	75
979	87
980	72
981	87
982	86
983	78
984	76
985	82
986	101
987	81
988	85
989	76
990	81
991	71
992	78
993	82
994	73
995	79
996	79
997	73
998	97
999	78
1000	79
1001	82
1002	88
1003	82
1004	78
1005	79
1006	68
1007	69
1008	77
1009	60
1010	92
1011	83
1012	66
1013	87
1014	75
1015	65
1016	82
1017	78
1018	61
1019	72
1020	81
1021	60
1022	72
1023	68
1024	90
1025	84
1026	82
1027	79
1028	70
1029	71
1030	80
1031	78
1032	77
1033	67
1034	79
1035	76
1036	77
1037	69
1038	73
1039	77
1040	65
1041	82
1042	80
1043	48
1044	70
1045	67
1046	62
1047	71
1048	82
1049	67
1050	80
1051	59
1052	86
1053	78
1054	84
1055	77
1056	80
1057	83
1058	69
1059	68
1060	62
1061	65
1062	49
1063	60
1064	64
1065	59
1066	62
1067	64
1068	65
1069	59
1070	69
1071	53
1072	61
1073	60
1074	66
1075	53
1076	71
1077	54
1078	72
1079	77
1080	78
1081	76
1082	63
1083	60
1084	58
1085	64
1086	72
1087	64
1088	68
1089	64
1090	55
1091	60
1092	65
1093	54
1094	64
1095	61
1096	55
1097	63
1098	59
1099	68
1100	61
1101	53
1102	51
1103	64
1104	61
1105	49
1106	61
1107	53
1108	48
1109	71
1110	72
1111	47
1112	63
1113	59
1114	51
1115	50
1116	51
1117	59
1118	43
1119	55
1120	61
1121	58
1122	58
1123	60
1124	47
1125	55
1126	70
1127	65
1128	59
1129	65
1130	46
1131	75
1132	67
1133	51
1134	57
1135	43
1136	59
1137	52
1138	50
1139	61
1140	64
1141	68
1142	52
1143	65
1144	79
1145	61
1146	74
1147	53
1148	55
1149	56
1150	65
1151	50
1152	56
1153	64
1154	61
1155	56
1156	62
1157	52
1158	56
1159	45
1160	68
1161	67
1162	62
1163	68
1164	64
1165	70
1166	57
1167	51
1168	60
1169	50
1170	51
1171	55
1172	57
1173	48
1174	70
1175	41
1176	56
1177	48
1178	53
1179	55
1180	55
1181	56
1182	59
1183	62
1184	66
1185	43
1186	66
1187	43
1188	44
1189	50
1190	63
1191	52
1192	56
1193	51
1194	42
1195	55
1196	50
1197	49
1198	42
1199	66
1200	55
1201	44
1202	46
1203	31
1204	42
1205	45
1206	44
1207	49
1208	50
1209	52
1210	49
1211	41
1212	47
1213	59
1214	49
1215	45
1216	53
1217	49
1218	38
1219	36
1220	44
1221	37
1222	34
1223	45
1224	47
1225	40
1226	42
1227	32
1228	38
1229	33
1230	41
1231	40
1232	28
1233	31
1234	38
1235	42
1236	35
1237	39
1238	37
1239	42
1240	49
1241	49
1242	44
1243	42
1244	34
1245	35
1246	31
1247	36
1248	30
1249	45
1250	39
1251	30
1252	42
1253	26
1254	33
1255	31
1256	47
1257	42
1258	26
1259	27
1260	31
1261	34
1262	33
1263	40
1264	39
1265	48
1266	37
1267	52
1268	39
1269	30
1270	28
1271	31
1272	34
1273	30
1274	40
1275	39
1276	35
1277	43
1278	30
1279	33
1280	43
1281	35
1282	36
1283	28
1284	39
1285	24
1286	36
1287	41
1288	29
1289	23
1290	36
1291	35
1292	28
1293	36
1294	21
1295	41
1296	45
1297	32
1298	30
1299	29
1300	37
1301	42
1302	40
1303	37
1304	29
1305	35
1306	44
1307	29
1308	33
1309	43
1310	33
1311	26
1312	30
1313	36
1314	34
1315	38
1316	31
1317	36
1318	45
1319	30
1320	33
1321	37
1322	28
1323	35
1324	29
1325	30
1326	29
1327	20
1328	38
1329	25
1330	32
1331	29
1332	38
1333	31
1334	22
1335	23
1336	32
1337	38
1338	24
1339	28
1340	39
1341	34
1342	37
1343	29
1344	27
1345	33
1346	39
1347	33
1348	37
1349	27
1350	26
1351	30
1352	32
1353	25
1354	27
1355	39
1356	36
1357	20
1358	23
1359	21
1360	30
1361	25
1362	28
1363	36
1364	35
1365	22
1366	28
1367	30
1368	34
1369	23
1370	26
1371	27
1372	32
1373	22
1374	25
1375	24
1376	32
1377	34
1378	22
1379	18
1380	34
1381	30
1382	30
1383	30
1384	29
1385	34
1386	26
1387	24
1388	31
1389	28
1390	24
1391	28
1392	25
1393	24
1394	26
1395	22
1396	23
1397	27
1398	32
1399	20
1400	29
1401	26
1402	36
1403	32
1404	33
1405	34
1406	30
1407	28
1408	23
1409	30
1410	29
1411	30
1412	20
1413	22
1414	23
1415	21
1416	36
1417	29
1418	24
1419	25
1420	32
1421	37
1422	20
1423	28
1424	34
1425	13
1426	34
1427	29
1428	29
1429	31
1430	33
1431	22
1432	24
1433	36
1434	23
1435	30
1436	26
1437	31
1438	22
1439	24
1440	35
1441	28
1442	27
1443	25
1444	26
1445	28
1446	29
1447	34
1448	25
1449	26
1450	35
1451	20
1452	31
1453	24
1454	30
1455	22
1456	29
1457	26
1458	30
1459	23
1460	25
1461	35
1462	26
1463	23
1464	22
1465	28
1466	20
1467	27
1468	19
1469	28
1470	21
1471	33
1472	28
1473	39
1474	25
1475	26
1476	23
1477	26
1478	19
1479	21
1480	27
1481	27
1482	25
1483	22
1484	29
1485	32
1486	26
1487	28
1488	15
1489	24
1490	24
1491	30
1492	13
1493	20
1494	21
1495	16
1496	27
1497	24
1498	16
1499	23
1500	15
1501	14
1502	18
1503	18
1504	14
1505	17
1506	17
1507	21
1508	24
1509	29
1510	20
1511	22
1512	20
1513	21
1514	22
1515	17
1516	24
1517	14
1518	25
1519	19
1520	19
1521	24
1522	11
1523	15
1524	10
1525	19
1526	22
1527	16
1528	17
1529	22
1530	27
1531	13
1532	21
1533	16
1534	14
1535	16
1536	14
1537	10
1538	20
1539	17
1540	12
1541	8
1542	27
1543	20
1544	16
1545	16
1546	12
1547	22
1548	12
1549	20
1550	16
1551	10
1552	19
1553	19
1554	23
1555	16
1556	20
1557	18
1558	18
1559	13
1560	19
1561	9
1562	17
1563	13
1564	10
1565	16
1566	20
1567	19
1568	17
1569	16
1570	20
1571	15
1572	13
1573	12
1574	19
1575	12
1576	16
1577	16
1578	15
1579	18
1580	19
1581	12
1582	17
1583	15
1584	21
1585	12
1586	21
1587	12
1588	15
1589	11
1590	16
1591	16
1592	22
1593	18
1594	13
1595	16
1596	14
1597	21
1598	16
1599	16
1600	16
1601	18
1602	12
1603	17
1604	18
1605	10
1606	15
1607	16
1608	14
1609	12
1610	18
1611	12
1612	13
1613	9
1614	10
1615	16
1616	26
1617	22
1618	18
1619	15
1620	24
1621	20
1622	9
1623	13
1624	9
1625	11
1626	16
1627	13
1628	11
1629	11
1630	15
1631	15
1632	12
1633	20
1634	13
1635	16
1636	14
1637	18
1638	14
1639	24
1640	16
1641	12
1642	12
1643	11
1644	18
1645	14
1646	13
1647	14
1648	10
1649	9
1650	13
1651	13
1652	16
1653	16
1654	14
1655	11
1656	15
1657	15
1658	13
1659	16
1660	11
1661	13
1662	12
1663	14
1664	15
1665	14
1666	15
1667	18
1668	16
1669	13
1670	20
1671	18
1672	20
1673	11
1674	14
1675	17
1676	17
1677	17
1678	12
1679	14
1680	12
1681	13
1682	21
1683	10
1684	10
1685	16
1686	11
1687	10
1688	14
1689	14
1690	14
1691	17
1692	13
1693	21
1694	17
1695	12
1696	15
1697	6
1698	11
1699	16
1700	5
1701	9
1702	19
1703	11
1704	20
1705	18
1706	16
1707	11
1708	9
1709	15
1710	7
1711	9
1712	14
1713	8
1714	15
1715	13
1716	12
1717	13
1718	9
1719	14
1720	15
1721	16
1722	15
1723	15
1724	8
1725	9
1726	14
1727	17
1728	18
1729	20
1730	12
1731	16
1732	16
1733	13
1734	23
1735	12
1736	15
1737	16
1738	15
1739	10
1740	14
1741	10
1742	13
1743	12
1744	19
1745	11
1746	17
1747	12
1748	14
1749	8
1750	5
1751	16
1752	23
1753	14
1754	15
1755	18
1756	17
1757	9
1758	8
1759	13
1760	8
1761	8
1762	15
1763	15
1764	9
1765	6
1766	13
1767	9
1768	18
1769	16
1770	9
1771	14
1772	9
1773	10
1774	14
1775	16
1776	18
1777	15
1778	11
1779	12
1780	8
1781	10
1782	15
1783	9
1784	11
1785	7
1786	6
1787	16
1788	13
1789	17
1790	13
1791	11
1792	11
1793	21
1794	5
1795	11
1796	16
1797	6
1798	11
1799	13
1800	19
1801	10
1802	16
1803	23
1804	13
1805	7
1806	18
1807	12
1808	9
1809	15
1810	14
1811	4
1812	16
1813	8
1814	19
1815	15
1816	14
1817	9
1818	7
1819	17
1820	5
1821	13
1822	8
1823	11
1824	10
1825	9
1826	16
1827	14
1828	10
1829	13
1830	14
1831	9
1832	13
1833	13
1834	5
1835	18
1836	19
1837	13
1838	9
1839	9
1840	7
1841	12
1842	13
1843	6
1844	14
1845	20
1846	11
1847	12
1848	11
1849	8
1850	11
1851	9
1852	13
1853	9
1854	16
1855	12
1856	14
1857	11
1858	19
1859	15
1860	11
1861	16
1862	11
1863	13
1864	11
1865	9
1866	10
1867	13
1868	10
1869	12
1870	14
1871	8
1872	9
1873	12
1874	15
1875	8
1876	11
1877	11
1878	11
1879	12
1880	8
1881	7
1882	9
1883	11
1884	11
1885	12
1886	12
1887	9
1888	15
1889	11
1890	14
1891	17
1892	9
1893	11
1894	17
1895	8
1896	18
1897	13
1898	13
1899	16
1900	10
1901	11
1902	8
1903	14
1904	12
1905	16
1906	11
1907	10
1908	10
1909	14
1910	17
1911	7
1912	10
1913	13
1914	14
1915	9
1916	7
1917	9
1918	13
1919	9
1920	10
1921	11
1922	15
1923	13
1924	10
1925	9
1926	11
1927	8
1928	5
1929	10
1930	9
1931	8
1932	5
1933	7
1934	8
1935	7
1936	12
1937	3
1938	15
1939	9
1940	14
1941	12
1942	16
1943	10
1944	10
1945	9
1946	7
1947	6
1948	24
1949	9
1950	6
1951	9
1952	11
1953	13
1954	10
1955	12
1956	12
1957	13
1958	8
1959	10
1960	14
1961	13
1962	13
1963	16
1964	11
1965	11
1966	8
1967	8
1968	12
1969	16
1970	4
1971	11
1972	14
1973	10
1974	11
1975	14
1976	13
1977	9
1978	12
1979	15
1980	7
1981	9
1982	13
1983	12
1984	12
1985	9
1986	13
1987	10
1988	5
1989	6
1990	14
1991	15
1992	13
1993	19
1994	15
1995	12
1996	9
1997	21
1998	15
1999	10
2000	13
2001	13
2002	8
2003	14
2004	5
2005	16
2006	3
2007	9
2008	12
2009	12
2010	10
2011	6
2012	16
2013	12
2014	17
2015	12
2016	9
2017	11
2018	20
2019	17
2020	14
2021	11
2022	11
2023	11
2024	7
2025	8
2026	15
2027	11
2028	14
2029	14
2030	11
2031	10
2032	9
2033	13
2034	15
2035	14
2036	17
2037	13
2038	17
2039	17
2040	11
2041	13
2042	15
2043	16
2044	13
2045	11
2046	18
2047	9
2048	7
2049	8
2050	16
2051	18
2052	10
2053	10
2054	11
2055	16
2056	17
2057	17
2058	14
2059	12
2060	15
2061	11
2062	23
2063	15
2064	8
2065	14
2066	13
2067	12
2068	11
2069	16
2070	17
2071	15
2072	11
2073	8
2074	10
2075	10
2076	15
2077	18
2078	12
2079	8
2080	14
2081	13
2082	15
2083	12
2084	13
2085	13
2086	12
2087	17
2088	16
2089	11
2090	17
2091	15
2092	13
2093	11
2094	7
2095	9
2096	19
2097	12
2098	19
2099	11
2100	15
2101	15
2102	14
2103	15
2104	9
2105	19
2106	15
2107	5
2108	8
2109	15
2110	13
2111	15
2112	13
2113	15
2114	12
2115	15
2116	14
2117	16
2118	19
2119	11
2120	12
2121	14
2122	10
2123	15
2124	19
2125	11
2126	6
2127	13
2128	12
2129	21
2130	17
2131	8
2132	10
2133	8
2134	4
2135	18
2136	9
2137	12
2138	10
2139	8
2140	7
2141	14
2142	9
2143	9
2144	12
2145	8
2146	8
2147	10
2148	10
2149	10
2150	13
2151	11
2152	12
2153	9
2154	8
2155	11
2156	5
2157	2
2158	18
2159	12
2160	12
2161	7
2162	8
2163	16
2164	7
2165	8
2166	12
2167	11
2168	9
2169	7
2170	12
2171	7
2172	10
2173	14
2174	10
2175	10
2176	10
2177	7
2178	9
2179	10
2180	3
2181	10
2182	7
2183	8
2184	7
2185	9
2186	7
2187	10
2188	9
2189	6
2190	3
2191	8
2192	12
2193	6
2194	13
2195	9
2196	10
2197	8
2198	7
2199	4
2200	11
2201	11
2202	4
2203	8
2204	6
2205	11
2206	10
2207	9
2208	11
2209	8
2210	8
2211	6
2212	5
2213	9
2214	7
2215	3
2216	11
2217	10
2218	4
2219	7
2220	11
2221	7
2222	5
2223	6
2224	5
2225	9
2226	7
2227	4
2228	6
2229	11
2230	5
2231	9
2232	8
2233	11
2234	4
2235	6
2236	7
2237	4
2238	5
2239	6
2240	5
2241	6
2242	11
2243	9
2244	9
2245	7
2246	4
2247	8
2248	9
2249	6
2250	8
2251	1
2252	4
2253	10
2254	2
2255	9
2256	6
2257	4
2258	6
2259	10
2260	8
2261	8
2262	9
2263	6
2264	4
2265	6
2266	11
2267	5
2268	3
2269	5
2270	6
2271	8
2272	6
2273	4
2274	6
2275	6
2276	4
2277	5
2278	10
2279	4
2280	8
2281	2
2282	3
2283	4
2284	9
2285	7
2286	6
2287	9
2288	10
2289	5
2290	3
2291	7
2292	9
2293	6
2294	5
2295	5
2296	4
2297	7
2298	5
2299	4
2300	7
2301	4
2302	6
2303	7
2304	10
2305	3
2306	12
2307	2
2308	7
2309	8
2310	9
2311	8
2312	5
2313	7
2314	5
2315	8
2316	5
2317	7
2318	8
2319	9
2320	6
2321	6
2322	9
2323	4
2324	6
2325	10
2326	8
2327	6
2328	7
2329	6
2330	3
2331	5
2332	4
2333	7
2334	4
2335	7
2336	3
2337	4
2338	3
2339	6
2340	8
2341	7
2342	6
2343	3
2344	6
2345	6
2346	7
2347	8
2348	2
2349	3
2350	7
2351	2
2352	4
2353	2
2354	10
2355	6
2356	8
2357	4
2358	5
2359	6
2360	5
2361	4
2362	5
2363	4
2364	11
2365	2
2366	3
2367	5
2368	10
2369	11
2370	4
2371	3
2372	5
2373	6
2374	4
2375	9
2376	5
2377	7
2378	4
2379	8
2380	7
2381	4
2382	2
2383	9
2384	4
2385	6
2386	6
2387	4
2388	12
2389	2
2390	7
2391	6
2392	2
2393	5
2394	5
2395	7
2396	8
2397	7
2398	7
2399	3
2400	8
2401	10
2402	4
2403	6
2404	5
2405	4
2406	5
2407	8
2408	8
2409	9
2410	5
2411	10
2412	4
2413	6
2414	4
2415	5
2416	9
2417	7
2418	4
2419	5
2420	5
2421	7
2422	7
2423	4
2424	3
2425	3
2426	6
2427	4
2428	9
2429	8
2430	4
2431	5
2432	5
2433	7
2434	5
2435	7
2436	4
2437	6
2438	3
2439	11
2440	8
2441	8
2442	4
2443	10
2444	5
2445	3
2446	4
2447	8
2448	8
2449	6
2450	6
2451	8
2452	11
2453	4
2454	7
2455	3
2456	7
2457	8
2458	13
2459	6
2460	7
2461	5
2462	2
2463	4
2464	6
2465	4
2466	7
2467	7
2468	4
2469	6
2470	3
2471	5
2472	4
2473	7
2474	7
2475	6
2476	3
2477	8
2478	6
2479	7
2480	5
2481	3
2482	4
2483	6
2484	4
2485	6
2486	6
2487	3
2488	8
2489	4
2490	5
2491	4
2492	9
2493	4
2494	3
2495	6
2496	5
2497	5
2498	14
2499	5
2500	3
2501	4
2502	5
2503	8
2504	7
2505	4
2506	9
2507	8
2508	6
2509	5
2510	7
2511	5
2512	7
2513	7
2514	3
2515	3
2516	5
2517	7
2518	3
2519	7
2520	10
2521	5
2522	6
2523	8
2524	6
2525	4
2526	4
2527	7
2528	8
2529	3
2530	3
2531	7
2532	6
2533	2
2534	10
2535	10
2536	8
2537	5
2538	1
2539	6
2540	6
2541	6
2542	8
2543	7
2544	4
2545	4
2546	10
2547	3
2548	6
2549	6
2550	5
2551	6
2552	0
2553	11
2554	5
2555	2
2556	14
2557	4
2558	5
2559	6
2560	8
2561	7
2562	6
2563	3
2564	6
2565	4
2566	8
2567	1
2568	3
2569	7
2570	4
2571	3
2572	5
2573	8
2574	8
2575	7
2576	2
2577	5
2578	4
2579	4
2580	5
2581	6
2582	1
2583	6
2584	9
2585	10
2586	6
2587	7
2588	6
2589	9
2590	4
2591	7
2592	4
2593	4
2594	7
2595	5
2596	3
2597	3
2598	2
2599	5
2600	4
2601	6
2602	2
2603	7
2604	5
2605	8
2606	2
2607	7
2608	5
2609	8
2610	4
2611	3
2612	4
2613	9
2614	1
2615	3
2616	6
2617	5
2618	6
2619	2
2620	3
2621	2
2622	2
2623	2
2624	6
2625	0
2626	4
2627	5
2628	6
2629	6
2630	2
2631	3
2632	5
2633	3
2634	6
2635	4
2636	8
2637	5
2638	2
2639	4
2640	8
2641	9
2642	2
2643	5
2644	7
2645	5
2646	5
2647	7
2648	3
2649	4
2650	4
2651	2
2652	3
2653	5
2654	5
2655	2
2656	3
2657	4
2658	6
2659	2
2660	8
2661	7
2662	4
2663	4
2664	2
2665	4
2666	3
2667	6
2668	3
2669	4
2670	0
2671	5
2672	8
2673	11
2674	2
2675	6
2676	3
2677	5
2678	5
2679	4
2680	2
2681	8
2682	8
2683	6
2684	4
2685	6
2686	5
2687	9
2688	6
2689	2
2690	7
2691	6
2692	4
2693	2
2694	7
2695	7
2696	5
2697	2
2698	6
2699	8
2700	7
2701	5
2702	5
2703	1
2704	4
2705	8
2706	8
2707	2
2708	5
2709	4
2710	3
2711	2
2712	6
2713	7
2714	4
2715	5
2716	1
2717	3
2718	6
2719	5
2720	7
2721	4
2722	5
2723	6
2724	5
2725	4
2726	2
2727	2
2728	4
2729	3
2730	8
2731	12
2732	4
2733	9
2734	4
2735	3
2736	3
2737	6
2738	2
2739	2
2740	11
2741	8
2742	6
2743	4
2744	8
2745	6
2746	6
2747	3
2748	5
2749	7
2750	4
2751	5
2752	2
2753	2
2754	4
2755	4
2756	7
2757	8
2758	8
2759	6
2760	5
2761	3
2762	2
2763	5
2764	4
2765	9
2766	2
2767	9
2768	2
2769	3
2770	3
2771	2
2772	3
2773	3
2774	4
2775	6
2776	6
2777	3
2778	3
2779	4
2780	6
2781	4
2782	7
2783	2
2784	3
2785	6
2786	7
2787	3
2788	5
2789	6
2790	3
2791	8
2792	4
2793	8
2794	3
2795	2
2796	5
2797	3
2798	5
2799	2
2800	4
2801	7
2802	7
2803	3
2804	4
2805	12
2806	9
2807	6
2808	2
2809	8
2810	5
2811	4
2812	8
2813	5
2814	8
2815	7
2816	4
2817	6
2818	9
2819	3
2820	3
2821	3
2822	5
2823	8
2824	5
2825	8
2826	3
2827	8
2828	7
2829	4
2830	6
2831	4
2832	12
2833	6
2834	6
2835	5
2836	3
2837	4
2838	11
2839	7
2840	6
2841	3
2842	6
2843	3
2844	5
2845	7
2846	4
2847	7
2848	5
2849	5
2850	7
2851	7
2852	9
2853	6
2854	6
2855	11
2856	5
2857	6
2858	4
2859	12
2860	5
2861	2
2862	8
2863	8
2864	10
2865	8
2866	5
2867	8
2868	2
2869	4
2870	5
2871	4
2872	7
2873	9
2874	5
2875	2
2876	6
2877	5
2878	10
2879	8
2880	7
2881	4
2882	8
2883	4
2884	6
2885	8
2886	6
2887	9
2888	4
2889	8
2890	11
2891	4
2892	8
2893	11
2894	11
2895	7
2896	6
2897	7
2898	3
2899	10
2900	8
2901	6
2902	2
2903	3
2904	6
2905	8
2906	6
2907	10
2908	4
2909	5
2910	10
2911	12
2912	10
2913	7
2914	7
2915	2
2916	10
2917	4
2918	4
2919	5
2920	3
2921	2
2922	6
2923	3
2924	2
2925	4
2926	9
2927	5
2928	5
2929	3
2930	9
2931	6
2932	5
2933	0
2934	4
2935	10
2936	7
2937	5
2938	6
2939	5
2940	2
2941	3
2942	4
2943	4
2944	1
2945	8
2946	7
2947	4
2948	9
2949	4
2950	5
2951	3
2952	4
2953	5
2954	5
2955	7
2956	2
2957	4
2958	7
2959	7
2960	6
2961	3
2962	8
2963	6
2964	4
2965	1
2966	6
2967	4
2968	3
2969	1
2970	7
2971	2
2972	1
2973	2
2974	5
2975	3
2976	4
2977	6
2978	6
2979	9
2980	3
2981	6
2982	4
2983	8
2984	4
2985	2
2986	7
2987	6
2988	5
2989	4
2990	1
2991	2
2992	5
2993	5
2994	7
2995	5
2996	9
2997	8
2998	5
2999	5
3000	7
3001	3
3002	7
3003	3
3004	6
3005	4
3006	7
3007	4
3008	4
3009	6
3010	6
3011	3
3012	11
3013	6
3014	4
3015	7
3016	6
3017	5
3018	9
3019	7
3020	5
3021	6
3022	3
3023	9
3024	4
3025	4
3026	4
3027	5
3028	4
3029	2
3030	3
3031	1
3032	6
3033	4
3034	4
3035	2
3036	5
3037	5
3038	5
3039	2
3040	5
3041	1
3042	2
3043	7
3044	3
3045	6
3046	4
3047	9
3048	5
3049	6
3050	5
3051	7
3052	3
3053	4
3054	2
3055	4
3056	3
3057	6
3058	3
3059	4
3060	0
3061	2
3062	2
3063	6
3064	2
3065	4
3066	5
3067	4
3068	3
3069	4
3070	6
3071	1
3072	6
3073	4
3074	1
3075	2
3076	5
3077	2
3078	1
3079	6
3080	2
3081	3
3082	6
3083	1
3084	4
3085	3
3086	3
3087	0
3088	7
3089	5
3090	5
3091	3
3092	3
3093	4
3094	4
3095	1
3096	3
3097	3
3098	6
3099	3
3100	2
3101	2
3102	5
3103	4
3104	1
3105	3
3106	4
3107	5
3108	2
3109	1
3110	1
3111	5
3112	4
3113	3
3114	3
3115	1
3116	0
3117	3
3118	4
3119	3
3120	2
3121	1
3122	4
3123	3
3124	4
3125	4
3126	4
3127	1
3128	3
3129	4
3130	3
3131	8
3132	1
3133	2
3134	3
3135	1
3136	3
3137	1
3138	4
3139	1
3140	2
3141	5
3142	1
3143	6
3144	4
3145	3
3146	4
3147	4
3148	1
3149	3
3150	4
3151	3
3152	3
3153	4
3154	4
3155	2
3156	6
3157	4
3158	6
3159	2
3160	3
3161	2
3162	2
3163	6
3164	1
3165	5
3166	5
3167	3
3168	4
3169	4
3170	2
3171	2
3172	2
3173	3
3174	6
3175	4
3176	4
3177	2
3178	3
3179	5
3180	3
3181	5
3182	5
3183	3
3184	3
3185	2
3186	6
3187	3
3188	4
3189	2
3190	6
3191	6
3192	4
3193	4
3194	2
3195	5
3196	4
3197	4
3198	2
3199	2
3200	2
3201	2
3202	2
3203	5
3204	4
3205	5
3206	2
3207	2
3208	3
3209	3
3210	5
3211	5
3212	3
3213	2
3214	4
3215	1
3216	4
3217	4
3218	1
3219	5
3220	3
3221	0
3222	0
3223	3
3224	4
3225	3
3226	5
3227	3
3228	0
3229	2
3230	2
3231	0
3232	4
3233	7
3234	6
3235	7
3236	3
3237	1
3238	3
3239	2
3240	4
3241	4
3242	3
3243	1
3244	1
3245	6
3246	3
3247	2
3248	1
3249	6
3250	4
3251	3
3252	1
3253	4
3254	7
3255	3
3256	1
3257	0
3258	4
3259	3
3260	5
3261	3
3262	4
3263	7
3264	4
3265	1
3266	5
3267	7
3268	4
3269	3
3270	3
3271	0
3272	1
3273	3
3274	1
3275	2
3276	2
3277	4
3278	4
3279	1
3280	1
3281	3
3282	4
3283	7
3284	3
3285	4
3286	3
3287	2
3288	4
3289	6
3290	6
3291	1
3292	3
3293	5
3294	4
3295	6
3296	3
3297	2
3298	0
3299	3
3300	2
3301	3
3302	4
3303	4
3304	6
3305	3
3306	2
3307	5
3308	3
3309	5
3310	0
3311	8
3312	6
3313	2
3314	4
3315	4
3316	7
3317	1
3318	4
3319	5
3320	3
3321	5
3322	5
3323	3
3324	2
3325	3
3326	4
3327	0
3328	5
3329	3
3330	5
3331	6
3332	1
3333	1
3334	4
3335	3
3336	4
3337	5
3338	2
3339	2
3340	4
3341	4
3342	2
3343	9
3344	4
3345	1
3346	5
3347	6
3348	4
3349	4
3350	2
3351	3
3352	2
3353	5
3354	9
3355	4
3356	2
3357	3
3358	2
3359	5
3360	1
3361	4
3362	5
3363	2
3364	6
3365	5
3366	1
3367	0
3368	2
3369	4
3370	4
3371	4
3372	4
3373	3
3374	1
3375	1
3376	4
3377	2
3378	2
3379	2
3380	4
3381	2
3382	3
3383	6
3384	0
3385	4
3386	1
3387	4
3388	7
3389	5
3390	2
3391	7
3392	5
3393	3
3394	6
3395	5
3396	2
3397	3
3398	6
3399	4
3400	1
3401	3
3402	2
3403	2
3404	4
3405	3
3406	3
3407	3
3408	3
3409	9
3410	5
3411	9
3412	2
3413	3
3414	2
3415	1
3416	4
3417	3
3418	4
3419	1
3420	3
3421	2
3422	3
3423	7
3424	3
3425	2
3426	6
3427	2
3428	5
3429	7
3430	2
3431	3
3432	4
3433	2
3434	2
3435	3
3436	3
3437	3
3438	5
3439	1
3440	0
3441	4
3442	3
3443	3
3444	7
3445	5
3446	0
3447	2
3448	3
3449	3
3450	4
3451	1
3452	5
3453	1
3454	3
3455	1
3456	3
3457	3
3458	3
3459	4
3460	5
3461	2
3462	5
3463	4
3464	2
3465	2
3466	2
3467	1
3468	3
3469	3
3470	4
3471	2
3472	5
3473	1
3474	3
3475	1
3476	2
3477	2
3478	1
3479	3
3480	1
3481	2
3482	4
3483	4
3484	2
3485	2
3486	3
3487	2
3488	1
3489	3
3490	0
3491	6
3492	4
3493	3
3494	6
3495	1
3496	2
3497	0
3498	0
3499	2
3500	2
3501	5
3502	5
3503	3
3504	5
3505	2
3506	3
3507	2
3508	2
3509	4
3510	0
3511	2
3512	3
3513	2
3514	2
3515	1
3516	0
3517	3
3518	3
3519	3
3520	3
3521	3
3522	1
3523	2
3524	3
3525	6
3526	4
3527	3
3528	2
3529	2
3530	5
3531	2
3532	2
3533	1
3534	3
3535	2
3536	1
3537	1
3538	5
3539	1
3540	3
3541	3
3542	4
3543	3
3544	2
3545	1
3546	0
3547	0
3548	2
3549	2
3550	8
3551	4
3552	2
3553	4
3554	3
3555	2
3556	1
3557	3
3558	3
3559	1
3560	4
3561	2
3562	3
3563	0
3564	4
3565	2
3566	6
3567	2
3568	4
3569	4
3570	1
3571	4
3572	0
3573	2
3574	3
3575	2
3576	3
3577	3
3578	1
3579	1
3580	4
3581	2
3582	1
3583	2
3584	4
3585	2
3586	1
3587	3
3588	3
3589	6
3590	3
3591	1
3592	2
3593	2
3594	2
3595	2
3596	2
3597	2
3598	3
3599	4
3600	3
3601	2
3602	2
3603	3
3604	3
3605	2
3606	1
3607	3
3608	1
3609	0
3610	2
3611	1
3612	5
3613	2
3614	6
3615	2
3616	1
3617	2
3618	4
3619	2
3620	2
3621	1
3622	2
3623	4
3624	2
3625	1
3626	3
3627	2
3628	2
3629	0
3630	1
3631	1
3632	2
3633	1
3634	3
3635	0
3636	2
3637	2
3638	1
3639	3
3640	1
3641	2
3642	1
3643	4
3644	3
3645	5
3646	5
3647	2
3648	3
3649	1
3650	4
3651	0
3652	0
3653	0
3654	1
3655	2
3656	2
3657	6
3658	3
3659	4
3660	3
3661	4
3662	4
3663	4
3664	5
3665	4
3666	4
3667	2
3668	0
3669	1
3670	2
3671	1
3672	4
3673	2
3674	0
3675	2
3676	4
3677	1
3678	0
3679	1
3680	3
3681	2
3682	0
3683	2
3684	6
3685	2
3686	2
3687	1
3688	0
3689	1
3690	1
3691	5
3692	1
3693	1
3694	4
3695	4
3696	4
3697	3
3698	0
3699	0
3700	1
3701	3
3702	6
3703	0
3704	1
3705	0
3706	1
3707	6
3708	1
3709	1
3710	2
3711	2
3712	1
3713	2
3714	1
3715	5
3716	4
3717	3
3718	1
3719	4
3720	1
3721	1
3722	1
3723	3
3724	2
3725	3
3726	3
3727	1
3728	4
3729	1
3730	2
3731	2
3732	2
3733	1
3734	1
3735	1
3736	1
3737	0
3738	0
3739	2
3740	2
3741	1
3742	1
3743	5
3744	2
3745	1
3746	2
3747	2
3748	2
3749	4
3750	3
3751	2
3752	2
3753	2
3754	1
3755	1
3756	2
3757	2
3758	1
3759	1
3760	0
3761	0
3762	2
3763	2
3764	2
3765	3
3766	1
3767	4
3768	2
3769	1
3770	3
3771	1
3772	0
3773	4
3774	1
3775	2
3776	1
3777	0
3778	0
3779	3
3780	2
3781	5
3782	1
3783	2
3784	5
3785	5
3786	4
3787	1
3788	2
3789	1
3790	2
3791	2
3792	1
3793	0
3794	0
3795	2
3796	1
3797	1
3798	3
3799	2
3800	0
3801	7
3802	2
3803	1
3804	0
3805	2
3806	1
3807	3
3808	1
3809	3
3810	6
3811	2
3812	1
3813	1
3814	0
3815	3
3816	1
3817	1
3818	2
3819	1
3820	3
3821	3
3822	3
3823	3
3824	1
3825	3
3826	1
3827	3
3828	2
3829	2
3830	1
3831	3
3832	5
3833	2
3834	2
3835	2
3836	3
3837	0
3838	0
3839	0
3840	3
3841	1
3842	0
3843	0
3844	3
3845	1
3846	3
3847	3
3848	3
3849	1
3850	3
3851	1
3852	2
3853	2
3854	2
3855	3
3856	1
3857	0
3858	2
3859	3
3860	1
3861	3
3862	2
3863	1
3864	0
3865	2
3866	3
3867	1
3868	1
3869	1
3870	3
3871	1
3872	0
3873	0
3874	1
3875	2
3876	2
3877	2
3878	1
3879	2
3880	4
3881	0
3882	2
3883	1
3884	1
3885	0
3886	5
3887	7
3888	3
3889	3
3890	0
3891	0
3892	3
3893	2
3894	1
3895	0
3896	2
3897	2
3898	0
3899	1
3900	2
3901	3
3902	3
3903	1
3904	1
3905	1
3906	0
3907	4
3908	2
3909	3
3910	2
3911	1
3912	1
3913	2
3914	2
3915	2
3916	2
3917	1
3918	3
3919	4
3920	4
3921	1
3922	3
3923	3
3924	0
3925	1
3926	3
3927	2
3928	5
3929	2
3930	1
3931	4
3932	3
3933	2
3934	4
3935	4
3936	3
3937	0
3938	1
3939	3
3940	1
3941	0
3942	4
3943	2
3944	1
3945	4
3946	3
3947	5
3948	2
3949	0
3950	0
3951	4
3952	3
3953	0
3954	2
3955	8
3956	4
3957	6
3958	2
3959	3
3960	1
3961	3
3962	2
3963	1
3964	2
3965	4
3966	4
3967	2
3968	3
3969	0
3970	3
3971	2
3972	0
3973	3
3974	3
3975	2
3976	3
3977	2
3978	1
3979	3
3980	2
3981	1
3982	6
3983	2
3984	2
3985	2
3986	1
3987	2
3988	1
3989	3
3990	4
3991	3
3992	5
3993	3
3994	2
3995	4
3996	2
3997	3
3998	2
3999	1
4000	2
4001	3
4002	4
4003	3
4004	7
4005	1
4006	7
4007	1
4008	3
4009	2
4010	6
4011	5
4012	3
4013	2
4014	3
4015	0
4016	4
4017	1
4018	1
4019	2
4020	2
4021	3
4022	2
4023	4
4024	3
4025	3
4026	1
4027	4
4028	3
4029	0
4030	1
4031	0
4032	1
4033	4
4034	7
4035	3
4036	6
4037	4
4038	5
4039	6
4040	4
4041	4
4042	4
4043	3
4044	1
4045	4
4046	4
4047	5
4048	2
4049	2
4050	4
4051	3
4052	5
4053	1
4054	4
4055	7
4056	2
4057	3
4058	2
4059	0
4060	3
4061	3
4062	1
4063	2
4064	2
4065	3
4066	3
4067	8
4068	6
4069	2
4070	1
4071	8
4072	3
4073	4
4074	3
4075	3
4076	3
4077	3
4078	1
4079	2
4080	7
4081	2
4082	5
4083	4
4084	3
4085	6
4086	4
4087	4
4088	3
4089	5
4090	6
4091	4
4092	4
4093	6
4094	2
4095	4
4096	3
4097	4
4098	5
4099	5
4100	5
4101	4
4102	4
4103	6
4104	2
4105	5
4106	6
4107	2
4108	8
4109	3
4110	7
4111	7
4112	3
4113	7
4114	5
4115	6
4116	1
4117	2
4118	2
4119	7
4120	5
4121	3
4122	4
4123	9
4124	5
4125	6
4126	6
4127	3
4128	11
4129	10
4130	3
4131	5
4132	5
4133	4
4134	2
4135	6
4136	3
4137	5
4138	8
4139	2
4140	2
4141	2
4142	2
4143	4
4144	8
4145	3
4146	9
4147	5
4148	5
4149	7
4150	9
4151	9
4152	5
4153	8
4154	5
4155	5
4156	5
4157	6
4158	3
4159	5
4160	4
4161	5
4162	9
4163	2
4164	4
4165	6
4166	3
4167	5
4168	7
4169	5
4170	3
4171	2
4172	6
4173	3
4174	4
4175	5
4176	8
4177	5
4178	7
4179	4
4180	5
4181	6
4182	6
4183	5
4184	2
4185	7
4186	3
4187	4
4188	9
4189	7
4190	1
4191	4
4192	8
4193	3
4194	9
4195	5
4196	4
4197	1
4198	7
4199	5
4200	7
4201	3
4202	7
4203	5
4204	6
4205	6
4206	9
4207	1
4208	7
4209	1
4210	1
4211	2
4212	6
4213	8
4214	5
4215	7
4216	9
4217	3
4218	6
4219	7
4220	4
4221	6
4222	2
4223	4
4224	8
4225	6
4226	3
4227	6
4228	5
4229	4
4230	5
4231	8
4232	2
4233	2
4234	8
4235	1
4236	4
4237	5
4238	4
4239	8
4240	9
4241	6
4242	4
4243	8
4244	6
4245	2
4246	6
4247	3
4248	3
4249	3
4250	1
4251	3
4252	2
4253	4
4254	3
4255	3
4256	3
4257	6
4258	8
4259	6
4260	1
4261	7
4262	7
4263	5
4264	2
4265	2
4266	4
4267	4
4268	4
4269	4
4270	4
4271	4
4272	3
4273	9
4274	7
4275	4
4276	4
4277	3
4278	1
4279	6
4280	1
4281	6
4282	5
4283	6
4284	5
4285	1
4286	3
4287	4
4288	3
4289	3
4290	3
4291	6
4292	1
4293	3
4294	2
4295	5
4296	7
4297	2
4298	3
4299	5
4300	4
4301	0
4302	2
4303	2
4304	7
4305	6
4306	4
4307	3
4308	7
4309	2
4310	2
4311	5
4312	2
4313	7
4314	2
4315	7
4316	4
4317	3
4318	4
4319	0
4320	4
4321	3
4322	3
4323	2
4324	0
4325	5
4326	4
4327	5
4328	3
4329	2
4330	4
4331	2
4332	2
4333	4
4334	2
4335	0
4336	3
4337	4
4338	1
4339	2
4340	2
4341	4
4342	1
4343	1
4344	2
4345	5
4346	0
4347	0
4348	4
4349	0
4350	3
4351	1
4352	0
4353	1
4354	4
4355	5
4356	2
4357	3
4358	3
4359	0
4360	0
4361	3
4362	4
4363	1
4364	4
4365	4
4366	3
4367	2
4368	1
4369	4
4370	1
4371	2
4372	1
4373	1
4374	0
4375	1
4376	0
4377	3
4378	1
4379	3
4380	2
4381	0
4382	1
4383	0
4384	2
4385	3
4386	2
4387	2
4388	4
4389	2
4390	1
4391	1
4392	2
4393	1
4394	1
4395	4
4396	1
4397	0
4398	0
4399	1
4400	1
4401	2
4402	2
4403	1
4404	2
4405	1
4406	3
4407	1
4408	1
4409	1
4410	0
4411	2
4412	0
4413	0
4414	3
4415	0
4416	1
4417	0
4418	3
4419	0
4420	0
4421	1
4422	3
4423	1
4424	0
4425	2
4426	1
4427	2
4428	3
4429	2
4430	0
4431	0
4432	1
4433	0
4434	1
4435	0
4436	2
4437	1
4438	1
4439	1
4440	2
4441	1
4442	1
4443	1
4444	0
4445	1
4446	0
4447	0
4448	0
4449	0
4450	2
4451	1
4452	0
4453	2
4454	0
4455	1
4456	4
4457	4
4458	3
4459	2
4460	0
4461	0
4462	2
4463	1
4464	1
4465	0
4466	3
4467	0
4468	1
4469	1
4470	2
4471	2
4472	1
4473	0
4474	1
4475	2
4476	1
4477	0
4478	1
4479	1
4480	3
4481	1
4482	2
4483	0
4484	1
4485	1
4486	0
4487	1
4488	0
4489	2
4490	1
4491	2
4492	0
4493	1
4494	0
4495	3
4496	3
4497	2
4498	0
4499	1
4500	2
4501	1
4502	1
4503	1
4504	0
4505	2
4506	1
4507	1
4508	2
4509	1
4510	1
4511	0
4512	2
4513	1
4514	0
4515	1
4516	0
4517	3
4518	0
4519	1
4520	2
4521	1
4522	0
4523	2
4524	0
4525	1
4526	0
4527	3
4528	0
4529	1
4530	0
4531	0
4532	1
4533	0
4534	2
4535	3
4536	2
4537	0
4538	2
4539	0
4540	1
4541	0
4542	2
4543	0
4544	1
4545	1
4546	2
4547	3
4548	1
4549	0
4550	1
4551	3
4552	2
4553	1
4554	2
4555	3
4556	0
4557	2
4558	0
4559	1
4560	2
4561	1
4562	1
4563	0
4564	1
4565	1
4566	1
4567	1
4568	1
4569	2
4570	1
4571	0
4572	1
4573	1
4574	1
4575	0
4576	1
4577	1
4578	1
4579	0
4580	0
4581	0
4582	4
4583	0
4584	1
4585	1
4586	0
4587	2
4588	2
4589	0
4590	1
4591	3
4592	0
4593	1
4594	0
4595	2
4596	0
4597	0
4598	2
4599	3
4600	2
4601	1
4602	0
4603	0
4604	2
4605	1
4606	0
4607	2
4608	0
4609	0
4610	1
4611	2
4612	0
4613	0
4614	1
4615	2
4616	1
4617	0
4618	1
4619	0
4620	2
4621	1
4622	1
4623	3
4624	2
4625	1
4626	1
4627	0
4628	2
4629	1
4630	0
4631	0
4632	2
4633	1
4634	1
4635	3
4636	1
4637	1
4638	2
4639	2
4640	0
4641	1
4642	0
4643	0
4644	2
4645	0
4646	2
4647	1
4648	1
4649	2
4650	2
4651	1
4652	1
4653	0
4654	1
4655	0
4656	0
4657	2
4658	1
4659	2
4660	0
4661	0
4662	1
4663	1
4664	0
4665	1
4666	1
4667	1
4668	0
4669	0
4670	3
4671	0
4672	0
4673	0
4674	0
4675	2
4676	0
4677	1
4678	2
4679	1
4680	0
4681	1
4682	3
4683	2
4684	1
4685	0
4686	0
4687	2
4688	0
4689	0
4690	0
4691	1
4692	1
4693	1
4694	2
4695	1
4696	1
4697	3
4698	0
4699	0
4700	0
4701	1
4702	1
4703	3
4704	1
4705	0
4706	0
4707	0
4708	2
4709	0
4710	1
4711	1
4712	1
4713	1
4714	2
4715	1
4716	0
4717	1
4718	0
4719	1
4720	0
4721	0
4722	1
4723	0
4724	1
4725	1
4726	2
4727	2
4728	1
4729	1
4730	1
4731	2
4732	0
4733	1
4734	1
4735	1
4736	1
4737	2
4738	1
4739	0
4740	2
4741	1
4742	3
4743	1
4744	3
4745	1
4746	1
4747	0
4748	1
4749	1
4750	0
4751	1
4752	0
4753	1
4754	3
4755	1
4756	1
4757	0
4758	1
4759	1
4760	3
4761	1
4762	2
4763	1
4764	0
4765	0
4766	1
4767	1
4768	2
4769	0
4770	0
4771	0
4772	0
4773	1
4774	0
4775	2
4776	0
4777	2
4778	1
4779	1
4780	4
4781	2
4782	2
4783	0
4784	0
4785	0
4786	0
4787	1
4788	1
4789	1
4790	2
4791	1
4792	0
4793	1
4794	1
4795	3
4796	2
4797	2
4798	1
4799	1
4800	0
4801	2
4802	0
4803	2
4804	1
4805	4
4806	1
4807	2
4808	1
4809	2
4810	1
4811	0
4812	2
4813	2
4814	1
4815	0
4816	0
4817	1
4818	2
4819	2
4820	3
4821	1
4822	1
4823	1
4824	0
4825	0
4826	1
4827	1
4828	2
4829	1
4830	2
4831	2
4832	0
4833	0
4834	3
4835	2
4836	0
4837	0
4838	1
4839	1
4840	1
4841	0
4842	1
4843	0
4844	1
4845	0
4846	0
4847	0
4848	1
4849	1
4850	3
4851	0
4852	1
4853	1
4854	2
4855	1
4856	0
4857	1
4858	1
4859	0
4860	0
4861	1
4862	1
4863	2
4864	0
4865	2
4866	1
4867	2
4868	1
4869	1
4870	2
4871	1
4872	3
4873	1
4874	0
4875	1
4876	1
4877	2
4878	1
4879	1
4880	0
4881	0
4882	2
4883	1
4884	3
4885	0
4886	2
4887	2
4888	1
4889	2
4890	1
4891	0
4892	0
4893	1
4894	4
4895	0
4896	1
4897	1
4898	3
4899	0
4900	1
4901	3
4902	0
4903	2
4904	1
4905	1
4906	1
4907	2
4908	1
4909	0
4910	1
4911	3
4912	0
4913	0
4914	0
4915	1
4916	3
4917	1
4918	2
4919	0
4920	1
4921	0
4922	0
4923	2
4924	5
4925	0
4926	3
4927	3
4928	1
4929	2
4930	1
4931	2
4932	2
4933	2
4934	0
4935	1
4936	0
4937	0
4938	0
4939	3
4940	2
4941	1
4942	2
4943	1
4944	3
4945	1
4946	2
4947	2
4948	0
4949	0
4950	1
4951	2
4952	0
4953	1
4954	1
4955	0
4956	1
4957	2
4958	0
4959	0
4960	1
4961	2
4962	0
4963	2
4964	2
4965	2
4966	3
4967	0
4968	0
4969	0
4970	1
4971	0
4972	0
4973	1
4974	2
4975	1
4976	0
4977	0
4978	1
4979	1
4980	0
4981	1
4982	2
4983	1
4984	0
4985	1
4986	0
4987	1
4988	2
4989	0
4990	1
4991	1
4992	2
4993	1
4994	1
4995	1
4996	1
4997	0
4998	2
4999	2
5000	1
5001	2
5002	2
5003	0
5004	0
5005	1
5006	1
5007	1
5008	1
5009	2
5010	0
5011	2
5012	1
5013	0
5014	4
5015	0
5016	0
5017	1
5018	0
5019	0
5020	1
5021	1
5022	1
5023	0
5024	0
5025	0
5026	2
5027	0
5028	0
5029	0
5030	0
5031	1
5032	0
5033	1
5034	0
5035	0
5036	1
5037	0
5038	1
5039	1
5040	1
5041	1
5042	0
5043	1
5044	1
5045	0
5046	2
5047	1
5048	2
5049	0
5050	3
5051	0
5052	0
5053	1
5054	1
5055	0
5056	0
5057	0
5058	1
5059	1
5060	2
5061	0
5062	2
5063	0
5064	1
5065	0
5066	0
5067	2
5068	1
5069	1
5070	2
5071	1
5072	1
5073	1
5074	0
5075	1
5076	2
5077	0
5078	1
5079	1
5080	1
5081	1
5082	0
5083	0
5084	0
5085	0
5086	1
5087	2
5088	1
5089	0
5090	1
5091	0
5092	1
5093	1
5094	0
5095	0
5096	0
5097	0
5098	2
5099	1
5100	0
5101	0
5102	0
5103	0
5104	0
5105	1
5106	0
5107	1
5108	2
5109	1
5110	0
5111	0
5112	1
5113	1
5114	0
5115	0
5116	3
5117	0
5118	0
5119	1
5120	0
5121	2
5122	0
5123	0
5124	1
5125	0
5126	0
5127	1
5128	1
5129	1
5130	0
5131	0
5132	0
5133	0
5134	2
5135	1
5136	2
5137	1
5138	0
5139	1
5140	1
5141	0
5142	1
5143	1
5144	0
5145	0
5146	0
5147	1
5148	1
5149	1
5150	0
5151	0
5152	0
5153	1
5154	1
5155	2
5156	1
5157	0
5158	0
5159	1
5160	1
5161	1
5162	0
5163	0
5164	0
5165	0
5166	0
5167	1
5168	1
5169	0
5170	1
5171	1
5172	0
5173	1
5174	0
5175	1
5176	0
5177	1
5178	0
5179	0
5180	0
5181	3
5182	0
5183	2
5184	0
5185	0
5186	1
5187	1
5188	0
5189	1
5190	0
5191	0
5192	0
5193	1
5194	0
5195	0
5196	0
5197	0
5198	0
5199	0
5200	1
5201	0
5202	1
5203	0
5204	0
5205	0
5206	1
5207	0
5208	0
5209	1
5210	0
5211	0
5212	0
5213	0
5214	0
5215	0
5216	1
5217	1
5218	0
5219	1
5220	0
5221	1
5222	0
5223	0
5224	2
5225	1
5226	0
5227	0
5228	0
5229	1
5230	0
5231	0
5232	1
5233	0
5234	0
5235	0
5236	0
5237	0
5238	1
5239	0
5240	0
5241	0
5242	0
5243	0
5244	1
5245	1
5246	0
5247	1
5248	0
5249	1
5250	1
5251	2
5252	0
5253	0
5254	0
5255	0
5256	2
5257	0
5258	0
5259	2
5260	2
5261	0
5262	1
5263	0
5264	1
5265	1
5266	0
5267	2
5268	0
5269	0
5270	0
5271	1
5272	0
5273	0
5274	1
5275	1
5276	0
5277	0
5278	0
5279	1
5280	1
5281	0
5282	0
5283	0
5284	0
5285	0
5286	1
5287	0
5288	0
5289	0
5290	0
5291	1
5292	0
5293	1
5294	0
5295	0
5296	0
5297	3
5298	0
5299	0
5300	0
5301	1
5302	1
5303	0
5304	1
5305	1
5306	0
5307	0
5308	0
5309	1
5310	0
5311	0
5312	1
5313	0
5314	1
5315	0
5316	0
5317	0
5318	0
5319	1
5320	0
5321	1
5322	1
5323	1
5324	0
5325	2
5326	1
5327	0
5328	0
5329	0
5330	0
5331	1
5332	0
5333	0
5334	2
5335	0
5336	0
5337	0
5338	0
5339	1
5340	0
5341	0
5342	2
5343	0
5344	0
5345	0
5346	0
5347	1
5348	1
5349	0
5350	1
5351	0
5352	0
5353	1
5354	0
5355	0
5356	0
5357	0
5358	0
5359	0
5360	0
5361	1
5362	1
5363	0
5364	1
5365	1
5366	0
5367	0
5368	0
5369	0
5370	0
5371	0
5372	0
5373	0
5374	0
5375	1
5376	0
5377	1
5378	0
5379	1
5380	2
5381	1
5382	0
5383	1
5384	0
5385	1
5386	0
5387	0
5388	2
5389	0
5390	1
5391	1
5392	1
5393	0
5394	0
5395	0
5396	1
5397	0
5398	1
5399	1
5400	0
5401	0
5402	1
5403	0
5404	1
5405	0
5406	1
5407	2
5408	0
5409	0
5410	1
5411	0
5412	0
5413	0
5414	0
5415	1
5416	1
5417	0
5418	1
5419	0
5420	1
5421	0
5422	1
5423	1
5424	0
5425	0
5426	0
5427	1
5428	0
5429	1
5430	1
5431	0
5432	1
5433	0
5434	0
5435	1
5436	1
5437	0
5438	0
5439	2
5440	0
5441	0
5442	0
5443	1
5444	2
5445	0
5446	0
5447	0
5448	1
5449	0
5450	1
5451	0
5452	1
5453	0
5454	0
5455	3
5456	0
5457	0
5458	1
5459	0
5460	0
5461	0
5462	2
5463	0
5464	0
5465	0
5466	0
5467	3
5468	3
5469	0
5470	0
5471	1
5472	0
5473	0
5474	0
5475	1
5476	0
5477	1
5478	0
5479	1
5480	2
5481	3
5482	0
5483	0
5484	1
5485	1
5486	1
5487	0
5488	1
5489	0
5490	1
5491	0
5492	0
5493	0
5494	1
5495	0
5496	0
5497	0
5498	1
5499	0
5500	0
5501	0
5502	0
5503	0
5504	0
5505	0
5506	3
5507	0
5508	0
5509	0
5510	1
5511	0
5512	1
5513	0
5514	0
5515	0
5516	0
5517	1
5518	1
5519	0
5520	0
5521	0
5522	0
5523	0
5524	0
5525	1
5526	0
5527	0
5528	0
5529	0
5530	0
5531	0
5532	0
5533	0
5534	1
5535	1
5536	1
5537	1
5538	0
5539	0
5540	2
5541	0
5542	1
5543	1
5544	0
5545	0
5546	1
5547	0
5548	0
5549	1
5550	1
5551	0
5552	1
5553	0
5554	0
5555	0
5556	1
5557	0
5558	1
5559	0
5560	0
5561	0
5562	0
5563	1
5564	0
5565	0
5566	2
5567	2
5568	0
5569	0
5570	0
5571	0
5572	0
5573	0
5574	1
5575	2
5576	0
5577	0
5578	0
5579	0
5580	1
5581	0
5582	0
5583	0
5584	0
5585	0
5586	2
5587	2
5588	2
5589	0
5590	0
5591	0
5592	1
5593	0
5594	0
5595	0
5596	0
5597	0
5598	0
5599	0
5600	1
5601	1
5602	1
5603	1
5604	0
5605	0
5606	0
5607	0
5608	1
5609	0
5610	0
5611	1
5612	0
5613	1
5614	1
5615	1
5616	0
5617	0
5618	0
5619	1
5620	0
5621	0
5622	2
5623	1
5624	0
5625	0
5626	0
5627	0
5628	0
5629	0
5630	1
5631	0
5632	2
5633	0
5634	1
5635	0
5636	0
5637	0
5638	1
5639	1
5640	2
5641	2
5642	0
5643	0
5644	1
5645	1
5646	1
5647	0
5648	0
5649	0
5650	3
5651	0
5652	2
5653	0
5654	0
5655	1
5656	0
5657	1
5658	0
5659	0
5660	0
5661	1
5662	0
5663	0
5664	0
5665	0
5666	1
5667	3
5668	1
5669	0
5670	0
5671	1
5672	1
5673	2
5674	0
5675	0
5676	0
5677	0
5678	1
5679	0
5680	0
5681	2
5682	1
5683	1
5684	0
5685	1
5686	0
5687	1
5688	0
5689	0
5690	0
5691	0
5692	0
5693	1
5694	1
5695	0
5696	0
5697	0
5698	1
5699	0
5700	1
5701	2
5702	0
5703	0
5704	0
5705	2
5706	2
5707	0
5708	0
5709	4
5710	0
5711	1
5712	0
5713	0
5714	0
5715	0
5716	0
5717	0
5718	2
5719	0
5720	1
5721	0
5722	1
5723	0
5724	1
5725	1
5726	1
5727	0
5728	1
5729	1
5730	0
5731	0
5732	0
5733	0
5734	0
5735	0
5736	1
5737	0
5738	1
5739	0
5740	2
5741	1
5742	1
5743	3
5744	0
5745	0
5746	0
5747	1
5748	0
5749	0
5750	0
5751	0
5752	0
5753	1
5754	2
5755	3
5756	1
5757	0
5758	0
5759	0
5760	0
5761	0
5762	0
5763	1
5764	0
5765	0
5766	0
5767	2
5768	1
5769	0
5770	0
5771	0
5772	0
5773	1
5774	1
5775	1
5776	0
5777	2
5778	0
5779	1
5780	1
5781	1
5782	0
5783	2
5784	0
5785	0
5786	0
5787	1
5788	1
5789	1
5790	0
5791	0
5792	0
5793	1
5794	0
5795	0
5796	0
5797	1
5798	1
5799	0
5800	2
5801	2
5802	1
5803	0
5804	1
5805	0
5806	1
5807	0
5808	1
5809	1
5810	2
5811	0
5812	0
5813	1
5814	0
5815	1
5816	1
5817	0
5818	0
5819	1
5820	1
5821	1
5822	0
5823	0
5824	0
5825	1
5826	0
5827	1
5828	0
5829	1
5830	1
5831	1
5832	0
5833	1
5834	0
5835	0
5836	0
5837	0
5838	0
5839	1
5840	0
5841	0
5842	0
5843	0
5844	0
5845	1
5846	1
5847	0
5848	0
5849	1
5850	0
5851	2
5852	1
5853	1
5854	0
5855	1
5856	0
5857	0
5858	0
5859	0
5860	0
5861	0
5862	0
5863	1
5864	2
5865	1
5866	1
5867	0
5868	0
5869	0
5870	0
5871	1
5872	1
5873	1
5874	0
5875	0
5876	1
5877	1
5878	1
5879	0
5880	1
5881	0
5882	0
5883	0
5884	1
5885	0
5886	1
5887	0
5888	2
5889	1
5890	1
5891	0
5892	0
5893	1
5894	0
5895	1
5896	0
5897	0
5898	0
5899	1
5900	0
5901	3
5902	0
5903	2
5904	0
5905	0
5906	2
5907	1
5908	0
5909	1
5910	1
5911	0
5912	2
5913	1
5914	0
5915	0
5916	1
5917	0
5918	0
5919	1
5920	0
5921	0
5922	0
5923	2
5924	0
5925	0
5926	0
5927	0
5928	2
5929	0
5930	1
5931	1
5932	1
5933	1
5934	1
5935	0
5936	0
5937	1
5938	0
5939	0
5940	1
5941	1
5942	2
5943	0
5944	2
5945	1
5946	2
5947	1
5948	0
5949	1
5950	0
5951	1
5952	0
5953	0
5954	0
5955	1
5956	0
5957	1
5958	2
5959	0
5960	1
5961	0
5962	0
5963	0
5964	1
5965	1
5966	1
5967	1
5968	1
5969	0
5970	1
5971	1
5972	2
5973	0
5974	1
5975	1
5976	3
5977	0
5978	0
5979	0
5980	0
5981	1
5982	1
5983	0
5984	0
5985	3
5986	1
5987	0
5988	1
5989	0
5990	1
5991	0
5992	0
5993	3
5994	1
5995	2
5996	0
5997	0
5998	1
5999	1
6000	0
6001	0
6002	0
6003	0
6004	0
6005	0
6006	0
6007	0
6008	0
6009	0
6010	1
6011	1
6012	2
6013	1
6014	0
6015	1
6016	1
6017	0
6018	0
6019	0
6020	0
6021	2
6022	0
6023	0
6024	0
6025	2
6026	1
6027	1
6028	0
6029	0
6030	1
6031	1
6032	0
6033	0
6034	0
6035	1
6036	2
6037	1
6038	1
6039	2
6040	0
6041	1
6042	0
6043	1
6044	1
6045	1
6046	0
6047	1
6048	0
6049	0
6050	0
6051	1
6052	1
6053	3
6054	0
6055	0
6056	1
6057	0
6058	0
6059	0
6060	0
6061	0
6062	1
6063	0
6064	1
6065	1
6066	1
6067	1
6068	1
6069	0
6070	1
6071	2
6072	0
6073	1
6074	0
6075	1
6076	0
6077	1
6078	0
6079	1
6080	1
6081	1
6082	1
6083	0
6084	0
6085	0
6086	1
6087	0
6088	0
6089	0
6090	0
6091	0
6092	1
6093	1
6094	0
6095	1
6096	1
6097	0
6098	1
6099	2
6100	1
6101	0
6102	2
6103	0
6104	0
6105	1
6106	1
6107	0
6108	2
6109	0
6110	0
6111	0
6112	0
6113	0
6114	0
6115	1
6116	0
6117	2
6118	1
6119	1
6120	2
6121	1
6122	2
6123	0
6124	0
6125	0
6126	1
6127	0
6128	0
6129	0
6130	1
6131	0
6132	1
6133	0
6134	0
6135	1
6136	0
6137	1
6138	1
6139	0
6140	0
6141	0
6142	0
6143	1
6144	2
6145	0
6146	0
6147	0
6148	1
6149	0
6150	1
6151	0
6152	0
6153	1
6154	0
6155	0
6156	0
6157	1
6158	0
6159	0
6160	2
6161	1
6162	0
6163	0
6164	0
6165	0
6166	1
6167	0
6168	0
6169	1
6170	0
6171	0
6172	0
6173	0
6174	0
6175	0
6176	1
6177	0
6178	0
6179	0
6180	2
6181	0
6182	0
6183	1
6184	1
6185	0
6186	0
6187	0
6188	0
6189	0
6190	0
6191	0
6192	1
6193	1
6194	0
6195	1
6196	0
6197	0
6198	0
6199	2
6200	0
6201	0
6202	1
6203	1
6204	0
6205	0
6206	0
6207	0
6208	0
6209	1
6210	2
6211	0
6212	0
6213	0
6214	1
6215	0
6216	0
6217	0
6218	1
6219	0
6220	1
6221	0
6222	0
6223	0
6224	0
6225	0
6226	0
6227	0
6228	0
6229	0
6230	0
6231	0
6232	0
6233	0
6234	1
6235	0
6236	0
6237	2
6238	0
6239	1
6240	0
6241	0
6242	1
6243	0
6244	1
6245	0
6246	1
6247	0
6248	0
6249	0
6250	1
6251	1
6252	0
6253	1
6254	1
6255	0
6256	0
6257	3
6258	1
6259	1
6260	1
6261	0
6262	0
6263	0
6264	0
6265	0
6266	0
6267	0
6268	0
6269	1
6270	0
6271	0
6272	0
6273	0
6274	0
6275	1
6276	0
6277	0
6278	0
6279	0
6280	0
6281	0
6282	0
6283	0
6284	0
6285	0
6286	0
6287	1
6288	3
6289	0
6290	0
6291	1
6292	0
6293	0
6294	0
6295	2
6296	2
6297	0
6298	0
6299	0
6300	1
6301	1
6302	0
6303	0
6304	0
6305	1
6306	0
6307	0
6308	0
6309	0
6310	1
6311	0
6312	0
6313	0
6314	1
6315	1
6316	1
6317	0
6318	0
6319	1
6320	1
6321	0
6322	0
6323	0
6324	0
6325	1
6326	0
6327	0
6328	0
6329	0
6330	2
6331	0
6332	0
6333	0
6334	0
6335	0
6336	0
6337	0
6338	0
6339	0
6340	0
6341	1
6342	0
6343	0
6344	0
6345	1
6346	0
6347	0
6348	2
6349	0
6350	0
6351	1
6352	0
6353	0
6354	0
6355	1
6356	0
6357	0
6358	0
6359	0
6360	1
6361	0
6362	0
6363	0
6364	1
6365	0
6366	0
6367	1
6368	0
6369	0
6370	0
6371	0
6372	0
6373	0
6374	0
6375	0
6376	0
6377	3
6378	0
6379	2
6380	0
6381	0
6382	1
6383	0
6384	0
6385	0
6386	1
6387	2
6388	0
6389	1
6390	0
6391	0
6392	1
6393	1
6394	0
6395	0
6396	0
6397	0
6398	0
6399	1
6400	0
6401	1
6402	0
6403	1
6404	0
6405	0
6406	0
6407	0
6408	0
6409	0
6410	0
6411	0
6412	1
6413	0
6414	0
6415	0
6416	0
6417	0
6418	0
6419	0
6420	0
6421	0
6422	0
6423	0
6424	0
6425	0
6426	0
6427	1
6428	0
6429	2
6430	0
6431	1
6432	1
6433	0
6434	0
6435	1
6436	0
6437	2
6438	0
6439	0
6440	0
6441	0
6442	0
6443	0
6444	0
6445	1
6446	1
6447	0
6448	0
6449	1
6450	0
6451	1
6452	0
6453	0
6454	0
6455	0
6456	0
6457	0
6458	0
6459	0
6460	0
6461	1
6462	0
6463	0
6464	0
6465	0
6466	2
6467	0
6468	0
6469	0
6470	0
6471	0
6472	0
6473	0
6474	0
6475	0
6476	0
6477	1
6478	0
6479	0
6480	1
6481	0
6482	0
6483	0
6484	0
6485	0
6486	0
6487	0
6488	0
6489	1
6490	0
6491	0
6492	0
6493	2
6494	0
6495	0
6496	0
6497	0
6498	0
6499	1
6500	0
6501	0
6502	1
6503	0
6504	0
6505	0
6506	0
6507	0
6508	0
6509	1
6510	0
6511	0
6512	0
6513	1
6514	1
6515	2
6516	0
6517	0
6518	0
6519	1
6520	0
6521	0
6522	0
6523	0
6524	0
6525	1
6526	0
6527	0
6528	0
6529	1
6530	0
6531	0
6532	0
6533	0
6534	0
6535	2
6536	0
6537	0
6538	0
6539	0
6540	0
6541	0
6542	0
6543	0
6544	0
6545	0
6546	2
6547	0
6548	0
6549	0
6550	0
6551	0
6552	0
6553	0
6554	0
6555	1
6556	0
6557	0
6558	0
6559	0
6560	1
6561	0
6562	0
6563	0
6564	0
6565	0
6566	0
6567	0
6568	0
6569	0
6570	0
6571	0
6572	0
6573	0
6574	0
6575	0
6576	0
6577	0
6578	0
6579	1
6580	0
6581	0
6582	0
6583	0
6584	0
6585	0
6586	1
6587	0
6588	1
6589	0
6590	0
6591	0
6592	0
6593	1
6594	0
6595	0
6596	0
6597	0
6598	0
6599	0
6600	0
6601	0
6602	1
6603	0
6604	1
6605	1
6606	0
6607	0
6608	0
6609	0
6610	0
6611	0
6612	0
6613	1
6614	2
6615	0
6616	0
6617	2
6618	1
6619	0
6620	1
6621	1
6622	0
6623	1
6624	0
6625	0
6626	0
6627	0
6628	1
6629	0
6630	0
6631	0
6632	0
6633	1
6634	0
6635	0
6636	0
6637	1
6638	0
6639	0
6640	1
6641	0
6642	0
6643	1
6644	0
6645	0
6646	0
6647	0
6648	0
6649	0
6650	0
6651	1
6652	0
6653	0
6654	0
6655	1
6656	0
6657	0
6658	0
6659	0
6660	1
6661	0
6662	1
6663	0
6664	0
6665	0
6666	1
6667	0
6668	0
6669	0
6670	0
6671	1
6672	0
6673	0
6674	1
6675	0
6676	0
6677	1
6678	0
6679	0
6680	0
6681	0
6682	0
6683	0
6684	0
6685	0
6686	0
6687	0
6688	0
6689	0
6690	0
6691	1
6692	0
6693	0
6694	0
6695	0
6696	0
6697	0
6698	0
6699	1
6700	0
6701	0
6702	0
6703	0
6704	0
6705	0
6706	0
6707	0
6708	0
6709	0
6710	0
6711	0
6712	0
6713	1
6714	1
6715	0
6716	1
6717	0
6718	0
6719	0
6720	0
6721	1
6722	0
6723	0
6724	0
6725	0
6726	0
6727	0
6728	1
6729	0
6730	0
6731	0
6732	3
6733	0
6734	0
6735	0
6736	0
6737	1
6738	1
6739	0
6740	1
6741	0
6742	0
6743	0
6744	1
6745	0
6746	0
6747	0
6748	0
6749	0
6750	1
6751	0
6752	1
6753	0
6754	1
6755	0
6756	0
6757	1
6758	1
6759	1
6760	0
6761	1
6762	1
6763	1
6764	0
6765	1
6766	0
6767	0
6768	1
6769	0
6770	0
6771	1
6772	2
6773	2
6774	0
6775	0
6776	0
6777	0
6778	0
6779	0
6780	0
6781	0
6782	0
6783	0
6784	0
6785	0
6786	0
6787	1
6788	1
6789	0
6790	0
6791	0
6792	1
6793	0
6794	1
6795	0
6796	1
6797	0
6798	1
6799	0
6800	0
6801	1
6802	0
6803	0
6804	0
6805	1
6806	0
6807	1
6808	2
6809	0
6810	1
6811	0
6812	1
6813	0
6814	0
6815	1
6816	0
6817	0
6818	0
6819	0
6820	0
6821	0
6822	0
6823	1
6824	1
6825	0
6826	1
6827	0
6828	2
6829	0
6830	0
6831	1
6832	0
6833	2
6834	0
6835	1
6836	0
6837	1
6838	1
6839	1
6840	2
6841	1
6842	1
6843	1
6844	1
6845	1
6846	0
6847	0
6848	2
6849	0
6850	0
6851	0
6852	0
6853	0
6854	0
6855	0
6856	0
6857	0
6858	2
6859	2
6860	0
6861	1
6862	0
6863	0
6864	1
6865	0
6866	2
6867	2
6868	1
6869	2
6870	1
6871	0
6872	0
6873	1
6874	0
6875	0
6876	0
6877	1
6878	0
6879	0
6880	1
6881	0
6882	1
6883	2
6884	0
6885	1
6886	1
6887	0
6888	0
6889	0
6890	1
6891	0
6892	0
6893	0
6894	0
6895	2
6896	1
6897	0
6898	0
6899	1
6900	0
6901	0
6902	1
6903	1
6904	0
6905	1
6906	0
6907	2
6908	0
6909	0
6910	0
6911	1
6912	0
6913	0
6914	0
6915	2
6916	0
6917	0
6918	0
6919	0
6920	2
6921	1
6922	0
6923	2
6924	3
6925	1
6926	1
6927	0
6928	0
6929	1
6930	1
6931	1
6932	1
6933	1
6934	1
6935	0
6936	0
6937	1
6938	1
6939	0
6940	2
6941	0
6942	1
6943	0
6944	0
6945	1
6946	1
6947	1
6948	0
6949	0
6950	0
6951	0
6952	4
6953	2
6954	0
6955	0
6956	0
6957	3
6958	0
6959	0
6960	2
6961	0
6962	1
6963	1
6964	1
6965	1
6966	2
6967	0
6968	3
6969	0
6970	0
6971	2
6972	0
6973	0
6974	1
6975	1
6976	0
6977	0
6978	3
6979	1
6980	0
6981	0
6982	2
6983	0
6984	1
6985	1
6986	1
6987	0
6988	0
6989	0
6990	0
6991	0
6992	1
6993	0
6994	3
6995	1
6996	0
6997	1
6998	1
6999	2
7000	1
7001	0
7002	0
7003	2
7004	0
7005	1
7006	0
7007	1
7008	0
7009	1
7010	1
7011	0
7012	1
7013	0
7014	1
7015	2
7016	1
7017	1
7018	2
7019	2
7020	0
7021	0
7022	1
7023	2
7024	2
7025	0
7026	1
7027	1
7028	3
7029	1
7030	0
7031	1
7032	3
7033	2
7034	0
7035	3
7036	0
7037	0
7038	1
7039	0
7040	0
7041	3
7042	0
7043	0
7044	1
7045	0
7046	0
7047	2
7048	0
7049	0
7050	0
7051	1
7052	0
7053	0
7054	0
7055	1
7056	0
7057	0
7058	2
7059	1
7060	1
7061	0
7062	0
7063	0
7064	0
7065	0
7066	1
7067	2
7068	2
7069	0
7070	2
7071	0
7072	0
7073	0
7074	1
7075	2
7076	1
7077	2
7078	1
7079	0
7080	1
7081	1
7082	1
7083	2
7084	0
7085	0
7086	1
7087	0
7088	2
7089	1
7090	3
7091	1
7092	1
7093	3
7094	0
7095	1
7096	0
7097	0
7098	3
7099	2
7100	1
7101	0
7102	1
7103	0
7104	2
7105	0
7106	1
7107	1
7108	0
7109	1
7110	0
7111	2
7112	2
7113	1
7114	0
7115	1
7116	1
7117	0
7118	1
7119	0
7120	1
7121	0
7122	1
7123	0
7124	0
7125	0
7126	3
7127	1
7128	0
7129	0
7130	2
7131	0
7132	0
7133	0
7134	0
7135	0
7136	0
7137	0
7138	2
7139	2
7140	1
7141	1
7142	0
7143	1
7144	1
7145	2
7146	2
7147	0
7148	1
7149	0
7150	1
7151	0
7152	0
7153	4
7154	0
7155	1
7156	1
7157	1
7158	1
7159	0
7160	1
7161	1
7162	0
7163	1
7164	0
7165	1
7166	1
7167	2
7168	0
7169	0
7170	0
7171	0
7172	0
7173	1
7174	0
7175	1
7176	1
7177	0
7178	0
7179	1
7180	0
7181	0
7182	2
7183	1
7184	1
7185	1
7186	0
7187	1
7188	2
7189	1
7190	0
7191	1
7192	0
7193	0
7194	0
7195	1
7196	0
7197	2
7198	0
7199	0
7200	0
7201	0
7202	0
7203	0
7204	1
7205	0
7206	1
7207	0
7208	1
7209	0
7210	0
7211	1
7212	0
7213	0
7214	0
7215	2
7216	0
7217	0
7218	0
7219	1
7220	0
7221	0
7222	1
7223	0
7224	0
7225	1
7226	0
7227	1
7228	1
7229	0
7230	0
7231	0
7232	0
7233	0
7234	1
7235	0
7236	0
7237	0
7238	1
7239	0
7240	0
7241	0
7242	0
7243	0
7244	1
7245	0
7246	0
7247	0
7248	1
7249	0
7250	0
7251	0
7252	0
7253	0
7254	0
7255	0
7256	0
7257	0
7258	0
7259	0
7260	0
7261	0
7262	0
7263	0
7264	0
7265	0
7266	0
7267	1
7268	0
7269	0
7270	2
7271	0
7272	0
7273	0
7274	1
7275	0
7276	0
7277	0
7278	0
7279	2
7280	1
7281	0
7282	0
7283	0
7284	0
7285	0
7286	0
7287	0
7288	0
7289	0
7290	0
7291	1
7292	0
7293	0
7294	0
7295	0
7296	0
7297	1
7298	0
7299	0
7300	0
7301	0
7302	0
7303	0
7304	0
7305	0
7306	0
7307	1
7308	0
7309	0
7310	1
7311	0
7312	0
7313	0
7314	0
7315	0
7316	0
7317	0
7318	0
7319	0
7320	0
7321	0
7322	0
7323	0
7324	1
7325	0
7326	0
7327	0
7328	0
7329	0
7330	0
7331	0
7332	0
7333	0
7334	0
7335	0
7336	0
7337	0
7338	0
7339	0
7340	0
7341	0
7342	0
7343	0
7344	0
7345	0
7346	0
7347	0
7348	0
7349	0
7350	0
7351	0
7352	0
7353	0
7354	0
7355	0
7356	1
7357	0
7358	0
7359	0
7360	0
7361	0
7362	0
7363	0
7364	0
7365	0
7366	0
7367	0
7368	0
7369	0
7370	0
7371	0
7372	0
7373	0
7374	0
7375	0
7376	0
7377	0
7378	0
7379	0
7380	0
7381	0
7382	0
7383	0
7384	0
7385	0
7386	0
7387	0
7388	0
7389	0
7390	0
7391	0
7392	0
7393	0
7394	0
7395	0
7396	0
7397	0
7398	0
7399	0
7400	0
7401	0
7402	0
7403	1
7404	0
7405	0
7406	0
7407	1
7408	0
7409	0
7410	0
7411	0
7412	0
7413	0
7414	0
7415	0
7416	0
7417	0
7418	0
7419	0
7420	0
7421	0
7422	0
7423	0
7424	0
7425	0
7426	0
7427	0
7428	0
7429	0
7430	0
7431	0
7432	0
7433	0
7434	0
7435	0
7436	0
7437	0
7438	0
7439	0
7440	0
7441	0
7442	0
7443	0
7444	0
7445	0
7446	0
7447	0
7448	0
7449	0
7450	0
7451	0
7452	0
7453	0
7454	0
7455	0
7456	0
7457	0
7458	0
7459	0
7460	0
7461	1
7462	0
7463	1
7464	0
7465	0
7466	0
7467	0
7468	0
7469	0
7470	0
7471	0
7472	0
7473	0
7474	0
7475	0
7476	0
7477	0
7478	0
7479	0
7480	0
7481	0
7482	0
7483	0
7484	0
7485	0
7486	0
7487	0
7488	0
7489	0
7490	0
7491	0
7492	0
7493	0
7494	0
7495	0
7496	0
7497	0
7498	0
7499	0
7500	0
7501	0
7502	0
7503	0
7504	0
7505	0
7506	0
7507	0
7508	0
7509	0
7510	0
7511	0
7512	0
7513	0
7514	0
7515	0
7516	0
7517	0
7518	0
7519	0
7520	0
7521	0
7522	0
7523	0
7524	0
7525	0
7526	0
7527	0
7528	0
7529	0
7530	0
7531	0
7532	0
7533	0
7534	0
7535	0
7536	0
7537	0
7538	0
7539	0
7540	0
7541	0
7542	0
7543	0
7544	0
7545	0
7546	0
7547	0
7548	0
7549	1
7550	0
7551	0
7552	0
7553	0
7554	0
7555	0
7556	0
7557	0
7558	0
7559	0
7560	0
7561	0
7562	0
7563	0
7564	0
7565	0
7566	0
7567	0
7568	0
7569	0
7570	0
7571	0
7572	0
7573	0
7574	0
7575	0
7576	0
7577	0
7578	0
7579	0
7580	0
7581	0
7582	0
7583	0
7584	0
7585	0
7586	0
7587	0
7588	0
7589	0
7590	0
7591	0
7592	0
7593	1
7594	0
7595	0
7596	0
7597	0
7598	0
7599	0
7600	0
7601	0
7602	0
7603	0
7604	0
7605	0
7606	0
7607	0
7608	0
7609	0
7610	0
7611	0
7612	0
7613	0
7614	0
7615	0
7616	0
7617	0
7618	0
7619	0
7620	0
7621	0
7622	0
7623	0
7624	0
7625	0
7626	0
7627	0
7628	0
7629	0
7630	0
7631	0
7632	0
7633	0
7634	0
7635	0
7636	0
7637	0
7638	0
7639	0
7640	0
7641	0
7642	0
7643	0
7644	0
7645	0
7646	0
7647	0
7648	0
7649	0
7650	0
7651	1
7652	0
7653	0
7654	0
7655	0
7656	0
7657	0
7658	0
7659	0
7660	0
7661	0
7662	0
7663	0
7664	0
7665	0
7666	0
7667	0
7668	0
7669	0
7670	0
7671	0
7672	0
7673	0
7674	0
7675	0
7676	0
7677	0
7678	0
7679	0
7680	0
7681	0
7682	0
7683	0
7684	0
7685	0
7686	0
7687	0
7688	0
7689	0
7690	1
7691	0
7692	0
7693	0
7694	0
7695	0
7696	0
7697	0
7698	0
7699	0
7700	0
7701	0
7702	0
7703	0
7704	0
7705	0
7706	0
7707	0
7708	0
7709	0
7710	0
7711	0
7712	0
7713	0
7714	0
7715	0
7716	0
7717	0
7718	0
7719	0
7720	0
7721	0
7722	0
7723	0
7724	0
7725	0
7726	0
7727	0
7728	0
7729	0
7730	0
7731	0
7732	0
7733	0
7734	0
7735	1
7736	0
7737	0
7738	0
7739	0
7740	0
7741	0
7742	0
7743	0
7744	0
7745	0
7746	1
7747	0
7748	0
7749	0
7750	0
7751	0
7752	0
7753	0
7754	0
7755	0
7756	0
7757	0
7758	0
7759	0
7760	0
7761	0
7762	0
7763	0
7764	0
7765	0
7766	0
7767	0
7768	1
7769	0
7770	0
7771	0
7772	0
7773	0
7774	0
7775	0
7776	0
7777	0
7778	0
7779	0
7780	0
7781	0
7782	0
7783	0
7784	0
7785	0
7786	0
7787	0
7788	0
7789	0
7790	0
7791	0
7792	0
7793	0
7794	0
7795	0
7796	0
7797	0
7798	0
7799	0
7800	0
7801	0
7802	0
7803	0
7804	0
7805	0
7806	0
7807	0
7808	0
7809	0
7810	0
7811	0
7812	0
7813	0
7814	0
7815	0
7816	0
7817	0
7818	0
7819	0
7820	0
7821	0
7822	0
7823	0
7824	0
7825	0
7826	0
7827	0
7828	0
7829	0
7830	0
7831	0
7832	0
7833	0
7834	0
7835	0
7836	0
7837	0
7838	0
7839	0
7840	0
7841	0
7842	0
7843	0
7844	0
7845	0
7846	0
7847	0
7848	0
7849	0
7850	0
7851	0
7852	0
7853	0
7854	0
7855	0
7856	0
7857	0
7858	0
7859	0
7860	0
7861	0
7862	0
7863	0
7864	0
7865	0
7866	0
7867	0
7868	0
7869	0
7870	0
7871	0
7872	0
7873	0
7874	0
7875	0
7876	0
7877	0
7878	0
7879	0
7880	0
7881	0
7882	0
7883	0
7884	0
7885	0
7886	0
7887	0
7888	0
7889	0
7890	0
7891	0
7892	0
7893	0
7894	0
7895	0
7896	0
7897	0
7898	0
7899	0
7900	0
7901	0
7902	0
7903	0
7904	0
7905	0
7906	0
7907	0
7908	0
7909	0
7910	0
7911	0
7912	0
7913	0
7914	0
7915	0
7916	0
7917	0
7918	0
7919	0
7920	0
7921	0
7922	0
7923	0
7924	0
7925	0
7926	0
7927	0
7928	0
7929	0
7930	0
7931	0
7932	0
7933	0
7934	0
7935	0
7936	0
7937	0
7938	0
7939	0
7940	0
7941	0
7942	0
7943	0
7944	0
7945	0
7946	0
7947	0
7948	0
7949	0
7950	0
7951	0
7952	0
7953	0
7954	0
7955	0
7956	0
7957	0
7958	0
7959	0
7960	0
7961	0
7962	0
7963	0
7964	0
7965	0
7966	0
7967	0
7968	0
7969	0
7970	0
7971	0
7972	0
7973	0
7974	0
7975	0
7976	0
7977	0
7978	0
7979	0
7980	0
7981	0
7982	0
7983	0
7984	0
7985	0
7986	0
7987	0
7988	0
7989	0
7990	0
7991	0
7992	0
7993	0
7994	0
7995	0
7996	0
7997	0
7998	0
7999	0
8000	0
8001	0
8002	0
8003	0
8004	0
8005	0
8006	0
8007	0
8008	0
8009	0
8010	0
8011	0
8012	0
8013	0
8014	0
8015	0
8016	0
8017	0
8018	0
8019	0
8020	0
8021	0
8022	0
8023	0
8024	0
8025	0
8026	0
8027	1
8028	0
8029	0
8030	0
8031	0
8032	0
8033	0
8034	0
8035	0
8036	0
8037	0
8038	0
8039	0
8040	0
8041	0
8042	0
8043	0
8044	0
8045	0
8046	0
8047	0
8048	0
8049	0
8050	0
8051	0
8052	0
8053	0
8054	0
8055	0
8056	0
8057	0
8058	0
8059	0
8060	0
8061	0
8062	0
8063	0
8064	0
8065	0
8066	0
8067	0
8068	0
8069	0
8070	0
8071	0
8072	0
8073	0
8074	0
8075	0
8076	0
8077	0
8078	0
8079	0
8080	0
8081	1
8082	0
8083	0
8084	0
8085	0
8086	0
8087	0
8088	0
8089	0
8090	0
8091	0
8092	0
8093	0
8094	1
8095	0
8096	0
8097	0
8098	0
8099	0
8100	0
8101	0
8102	0
8103	1
8104	0
8105	0
8106	0
8107	0
8108	0
8109	0
8110	0
8111	0
8112	0
8113	0
8114	0
8115	0
8116	0
8117	0
8118	0
8119	0
8120	0
8121	0
8122	0
8123	0
8124	0
8125	0
8126	0
8127	0
8128	0
8129	0
8130	0
8131	0
8132	0
8133	0
8134	0
8135	0
8136	0
8137	0
8138	0
8139	0
8140	0
8141	0
8142	0
8143	0
8144	0
8145	0
8146	0
8147	0
8148	0
8149	0
8150	0
8151	0
8152	0
8153	0
8154	0
8155	0
8156	0
8157	0
8158	1
8159	0
8160	0
8161	0
8162	0
8163	0
8164	0
8165	0
8166	0
8167	0
8168	0
8169	0
8170	0
8171	0
8172	0
8173	0
8174	0
8175	0
8176	0
8177	0
8178	0
8179	0
8180	0
8181	0
8182	0
8183	0
8184	0
8185	0
8186	0
8187	0
8188	0
8189	0
8190	0
8191	0
