Filename:  S1.mca
Description:  
TimeStamp:  12/28/2024 11:15:48

ROI Information
Start	End	FWHM (N)	Net Area	Gross Area	Centroid (N)	Uncertainty	Status
1420	1486	0.000	0	1817	0	0	BAD
1979	2202	1.610	967	2632	2097.93	6.78	GOOD
3175	3556	0.000	0	1164	0	0	BAD
3925	4411	2.748	1341	1583	4172.90	3.19	GOOD
4733	5108	1.763	195	382	4855.62	12.23	GOOD

Spectral Data Information
Channel	Data
0	0
1	0
2	0
3	0
4	0
5	0
6	0
7	0
8	0
9	0
10	0
11	0
12	0
13	0
14	0
15	0
16	0
17	0
18	0
19	0
20	0
21	0
22	0
23	0
24	0
25	0
26	0
27	0
28	0
29	0
30	0
31	0
32	0
33	0
34	0
35	0
36	0
37	0
38	0
39	0
40	0
41	0
42	0
43	0
44	0
45	0
46	0
47	0
48	0
49	0
50	0
51	0
52	0
53	0
54	0
55	0
56	0
57	0
58	0
59	0
60	0
61	0
62	0
63	0
64	0
65	0
66	0
67	0
68	0
69	0
70	0
71	0
72	0
73	0
74	0
75	0
76	0
77	0
78	0
79	0
80	0
81	0
82	0
83	0
84	0
85	0
86	0
87	0
88	0
89	0
90	0
91	0
92	0
93	0
94	0
95	0
96	0
97	0
98	0
99	0
100	0
101	0
102	0
103	0
104	0
105	0
106	0
107	0
108	0
109	0
110	0
111	0
112	0
113	0
114	0
115	0
116	0
117	0
118	0
119	0
120	0
121	0
122	0
123	0
124	0
125	0
126	0
127	0
128	0
129	0
130	0
131	0
132	0
133	0
134	0
135	0
136	0
137	0
138	0
139	0
140	0
141	0
142	0
143	0
144	0
145	0
146	0
147	0
148	0
149	0
150	0
151	0
152	0
153	0
154	0
155	0
156	0
157	0
158	0
159	0
160	0
161	0
162	0
163	0
164	0
165	0
166	0
167	0
168	0
169	0
170	0
171	0
172	0
173	0
174	0
175	0
176	0
177	0
178	0
179	0
180	0
181	0
182	0
183	0
184	0
185	0
186	0
187	0
188	0
189	0
190	0
191	0
192	0
193	0
194	0
195	0
196	0
197	0
198	0
199	0
200	0
201	0
202	0
203	0
204	0
205	0
206	0
207	0
208	0
209	0
210	0
211	0
212	0
213	0
214	0
215	0
216	0
217	0
218	0
219	0
220	0
221	0
222	0
223	0
224	0
225	0
226	0
227	0
228	0
229	0
230	0
231	0
232	0
233	0
234	0
235	0
236	0
237	0
238	0
239	0
240	0
241	0
242	0
243	0
244	0
245	0
246	0
247	0
248	0
249	0
250	0
251	0
252	0
253	0
254	0
255	0
256	0
257	0
258	0
259	0
260	0
261	0
262	0
263	0
264	0
265	0
266	0
267	0
268	0
269	0
270	0
271	0
272	0
273	0
274	0
275	0
276	0
277	0
278	0
279	0
280	0
281	0
282	0
283	0
284	0
285	0
286	0
287	0
288	0
289	0
290	0
291	0
292	0
293	0
294	0
295	0
296	0
297	0
298	0
299	0
300	0
301	0
302	0
303	0
304	0
305	0
306	0
307	0
308	0
309	0
310	0
311	0
312	0
313	0
314	0
315	0
316	0
317	0
318	0
319	0
320	0
321	0
322	0
323	0
324	0
325	0
326	0
327	0
328	0
329	0
330	0
331	0
332	0
333	0
334	0
335	0
336	0
337	0
338	0
339	0
340	0
341	0
342	0
343	0
344	0
345	0
346	0
347	0
348	0
349	0
350	0
351	0
352	0
353	0
354	0
355	0
356	0
357	0
358	0
359	0
360	0
361	0
362	0
363	0
364	0
365	0
366	0
367	0
368	0
369	0
370	0
371	0
372	0
373	0
374	0
375	0
376	0
377	0
378	0
379	0
380	0
381	0
382	0
383	0
384	0
385	0
386	0
387	0
388	0
389	0
390	0
391	0
392	0
393	0
394	0
395	0
396	0
397	0
398	0
399	0
400	0
401	0
402	0
403	0
404	0
405	0
406	0
407	0
408	0
409	0
410	0
411	0
412	0
413	0
414	0
415	0
416	0
417	0
418	0
419	0
420	0
421	0
422	0
423	0
424	0
425	0
426	0
427	0
428	0
429	0
430	0
431	0
432	0
433	0
434	0
435	0
436	0
437	0
438	0
439	0
440	0
441	0
442	0
443	0
444	0
445	0
446	0
447	0
448	0
449	0
450	0
451	0
452	0
453	0
454	0
455	0
456	0
457	0
458	0
459	0
460	0
461	0
462	0
463	0
464	0
465	0
466	0
467	0
468	0
469	0
470	0
471	0
472	0
473	0
474	0
475	0
476	0
477	0
478	0
479	0
480	0
481	0
482	0
483	0
484	0
485	0
486	0
487	0
488	0
489	0
490	0
491	0
492	0
493	0
494	0
495	0
496	0
497	0
498	0
499	0
500	0
501	0
502	0
503	0
504	0
505	0
506	0
507	0
508	0
509	0
510	0
511	0
512	0
513	0
514	0
515	0
516	0
517	0
518	0
519	0
520	0
521	0
522	0
523	0
524	0
525	0
526	0
527	0
528	0
529	0
530	0
531	0
532	0
533	0
534	0
535	0
536	0
537	0
538	0
539	0
540	0
541	0
542	0
543	0
544	0
545	0
546	0
547	0
548	0
549	0
550	0
551	0
552	0
553	0
554	0
555	0
556	0
557	0
558	0
559	0
560	0
561	0
562	0
563	0
564	0
565	0
566	0
567	0
568	0
569	0
570	0
571	0
572	0
573	0
574	0
575	0
576	0
577	0
578	0
579	0
580	0
581	0
582	0
583	0
584	0
585	0
586	0
587	0
588	0
589	0
590	0
591	0
592	0
593	0
594	0
595	0
596	0
597	0
598	0
599	0
600	0
601	0
602	0
603	0
604	0
605	0
606	0
607	0
608	0
609	0
610	0
611	0
612	0
613	0
614	0
615	0
616	0
617	0
618	0
619	0
620	0
621	0
622	0
623	37
624	39
625	35
626	41
627	40
628	40
629	44
630	38
631	36
632	47
633	46
634	28
635	44
636	46
637	37
638	35
639	44
640	30
641	37
642	51
643	43
644	38
645	39
646	45
647	49
648	44
649	40
650	46
651	50
652	52
653	43
654	52
655	45
656	40
657	46
658	49
659	45
660	60
661	55
662	64
663	55
664	61
665	51
666	70
667	59
668	58
669	74
670	74
671	59
672	55
673	72
674	75
675	70
676	61
677	62
678	100
679	78
680	77
681	75
682	59
683	91
684	84
685	76
686	60
687	68
688	84
689	79
690	75
691	82
692	93
693	79
694	105
695	75
696	91
697	82
698	86
699	84
700	107
701	100
702	89
703	107
704	105
705	85
706	109
707	110
708	90
709	101
710	123
711	102
712	104
713	105
714	112
715	118
716	122
717	99
718	115
719	129
720	133
721	130
722	127
723	109
724	118
725	126
726	111
727	121
728	136
729	110
730	126
731	130
732	136
733	132
734	134
735	151
736	126
737	141
738	166
739	156
740	148
741	141
742	153
743	134
744	158
745	118
746	149
747	134
748	135
749	154
750	179
751	144
752	141
753	167
754	156
755	154
756	160
757	145
758	149
759	165
760	176
761	159
762	151
763	139
764	159
765	155
766	151
767	175
768	176
769	157
770	156
771	157
772	149
773	152
774	179
775	166
776	173
777	158
778	183
779	155
780	165
781	170
782	162
783	162
784	146
785	179
786	184
787	153
788	177
789	152
790	141
791	179
792	161
793	142
794	179
795	194
796	164
797	163
798	162
799	163
800	156
801	138
802	165
803	172
804	141
805	156
806	149
807	140
808	153
809	143
810	151
811	150
812	159
813	129
814	141
815	167
816	142
817	147
818	145
819	156
820	148
821	140
822	166
823	147
824	133
825	151
826	139
827	142
828	133
829	139
830	150
831	133
832	124
833	124
834	113
835	115
836	142
837	144
838	141
839	154
840	124
841	122
842	164
843	135
844	139
845	147
846	119
847	151
848	115
849	165
850	124
851	140
852	135
853	118
854	112
855	147
856	120
857	123
858	116
859	104
860	118
861	116
862	140
863	127
864	134
865	123
866	150
867	115
868	127
869	128
870	124
871	110
872	111
873	125
874	119
875	126
876	135
877	129
878	129
879	128
880	127
881	129
882	118
883	139
884	134
885	123
886	93
887	115
888	116
889	106
890	118
891	119
892	106
893	119
894	110
895	124
896	103
897	114
898	139
899	98
900	125
901	136
902	117
903	93
904	128
905	105
906	99
907	103
908	108
909	106
910	125
911	112
912	106
913	129
914	106
915	93
916	116
917	111
918	121
919	106
920	110
921	136
922	111
923	134
924	105
925	122
926	112
927	88
928	115
929	112
930	92
931	109
932	106
933	95
934	101
935	116
936	111
937	100
938	80
939	106
940	104
941	91
942	104
943	102
944	98
945	107
946	105
947	104
948	98
949	88
950	90
951	84
952	90
953	84
954	102
955	104
956	97
957	83
958	110
959	101
960	90
961	102
962	81
963	84
964	101
965	81
966	87
967	104
968	99
969	92
970	92
971	86
972	81
973	75
974	85
975	97
976	97
977	90
978	83
979	85
980	100
981	89
982	80
983	82
984	102
985	81
986	82
987	81
988	74
989	83
990	79
991	68
992	72
993	88
994	74
995	78
996	81
997	70
998	83
999	74
1000	83
1001	74
1002	68
1003	95
1004	82
1005	95
1006	82
1007	77
1008	74
1009	77
1010	87
1011	80
1012	83
1013	97
1014	89
1015	81
1016	85
1017	100
1018	94
1019	67
1020	72
1021	62
1022	95
1023	75
1024	75
1025	78
1026	78
1027	80
1028	81
1029	80
1030	84
1031	59
1032	77
1033	76
1034	74
1035	74
1036	76
1037	74
1038	67
1039	88
1040	61
1041	69
1042	77
1043	58
1044	89
1045	82
1046	77
1047	72
1048	65
1049	76
1050	64
1051	74
1052	65
1053	64
1054	71
1055	70
1056	77
1057	56
1058	74
1059	64
1060	68
1061	61
1062	49
1063	53
1064	78
1065	62
1066	72
1067	62
1068	63
1069	63
1070	53
1071	74
1072	64
1073	65
1074	73
1075	61
1076	57
1077	56
1078	80
1079	69
1080	49
1081	72
1082	68
1083	74
1084	60
1085	68
1086	69
1087	49
1088	65
1089	74
1090	70
1091	69
1092	52
1093	63
1094	62
1095	56
1096	64
1097	48
1098	69
1099	52
1100	66
1101	59
1102	57
1103	59
1104	69
1105	71
1106	58
1107	69
1108	56
1109	59
1110	57
1111	82
1112	62
1113	70
1114	66
1115	60
1116	52
1117	66
1118	60
1119	60
1120	67
1121	61
1122	70
1123	69
1124	61
1125	55
1126	58
1127	59
1128	45
1129	52
1130	68
1131	64
1132	54
1133	62
1134	59
1135	65
1136	72
1137	64
1138	69
1139	55
1140	59
1141	62
1142	68
1143	57
1144	59
1145	71
1146	67
1147	55
1148	67
1149	60
1150	51
1151	55
1152	61
1153	63
1154	51
1155	57
1156	45
1157	55
1158	59
1159	58
1160	64
1161	58
1162	40
1163	79
1164	58
1165	65
1166	57
1167	45
1168	54
1169	48
1170	49
1171	56
1172	51
1173	49
1174	67
1175	55
1176	59
1177	67
1178	62
1179	54
1180	61
1181	52
1182	43
1183	51
1184	53
1185	56
1186	66
1187	56
1188	55
1189	62
1190	53
1191	64
1192	64
1193	60
1194	45
1195	41
1196	57
1197	41
1198	50
1199	48
1200	56
1201	56
1202	46
1203	40
1204	45
1205	40
1206	59
1207	47
1208	50
1209	50
1210	61
1211	47
1212	62
1213	45
1214	40
1215	39
1216	51
1217	50
1218	49
1219	69
1220	49
1221	31
1222	49
1223	50
1224	37
1225	39
1226	46
1227	43
1228	37
1229	40
1230	41
1231	34
1232	44
1233	45
1234	44
1235	44
1236	39
1237	47
1238	40
1239	41
1240	34
1241	30
1242	43
1243	39
1244	31
1245	48
1246	42
1247	32
1248	38
1249	40
1250	48
1251	36
1252	37
1253	36
1254	38
1255	41
1256	27
1257	49
1258	37
1259	37
1260	38
1261	45
1262	43
1263	29
1264	44
1265	44
1266	35
1267	39
1268	30
1269	35
1270	43
1271	39
1272	37
1273	46
1274	26
1275	41
1276	42
1277	34
1278	33
1279	41
1280	43
1281	25
1282	31
1283	42
1284	43
1285	41
1286	36
1287	45
1288	27
1289	33
1290	34
1291	39
1292	32
1293	35
1294	37
1295	43
1296	41
1297	42
1298	43
1299	29
1300	28
1301	36
1302	31
1303	33
1304	35
1305	26
1306	35
1307	26
1308	38
1309	48
1310	28
1311	32
1312	38
1313	36
1314	31
1315	28
1316	34
1317	31
1318	35
1319	34
1320	28
1321	39
1322	28
1323	33
1324	29
1325	42
1326	40
1327	31
1328	34
1329	30
1330	41
1331	30
1332	29
1333	28
1334	30
1335	26
1336	28
1337	32
1338	32
1339	32
1340	25
1341	37
1342	30
1343	33
1344	33
1345	31
1346	41
1347	30
1348	29
1349	35
1350	35
1351	36
1352	33
1353	35
1354	36
1355	35
1356	30
1357	36
1358	24
1359	29
1360	30
1361	31
1362	25
1363	27
1364	26
1365	31
1366	28
1367	35
1368	29
1369	26
1370	29
1371	32
1372	25
1373	22
1374	27
1375	39
1376	19
1377	21
1378	30
1379	29
1380	29
1381	31
1382	27
1383	32
1384	21
1385	26
1386	41
1387	24
1388	26
1389	35
1390	25
1391	22
1392	27
1393	30
1394	41
1395	26
1396	31
1397	20
1398	26
1399	27
1400	24
1401	28
1402	35
1403	33
1404	31
1405	19
1406	35
1407	32
1408	27
1409	29
1410	27
1411	27
1412	26
1413	25
1414	31
1415	27
1416	25
1417	25
1418	24
1419	29
1420	34
1421	28
1422	24
1423	30
1424	28
1425	26
1426	23
1427	30
1428	40
1429	31
1430	33
1431	20
1432	22
1433	27
1434	30
1435	31
1436	26
1437	30
1438	34
1439	26
1440	25
1441	31
1442	31
1443	26
1444	26
1445	29
1446	37
1447	25
1448	23
1449	25
1450	29
1451	33
1452	20
1453	25
1454	23
1455	31
1456	30
1457	25
1458	21
1459	30
1460	19
1461	40
1462	28
1463	34
1464	29
1465	32
1466	37
1467	24
1468	25
1469	36
1470	25
1471	29
1472	26
1473	26
1474	33
1475	30
1476	26
1477	22
1478	24
1479	41
1480	22
1481	25
1482	26
1483	29
1484	20
1485	25
1486	23
1487	21
1488	28
1489	15
1490	19
1491	21
1492	28
1493	24
1494	25
1495	15
1496	29
1497	26
1498	21
1499	19
1500	21
1501	29
1502	17
1503	23
1504	39
1505	22
1506	25
1507	24
1508	11
1509	18
1510	23
1511	23
1512	26
1513	20
1514	12
1515	15
1516	23
1517	18
1518	15
1519	22
1520	16
1521	26
1522	15
1523	11
1524	16
1525	29
1526	16
1527	25
1528	16
1529	16
1530	18
1531	24
1532	23
1533	15
1534	9
1535	18
1536	12
1537	16
1538	24
1539	29
1540	14
1541	17
1542	23
1543	14
1544	19
1545	18
1546	7
1547	19
1548	22
1549	13
1550	22
1551	21
1552	16
1553	16
1554	18
1555	28
1556	14
1557	12
1558	20
1559	22
1560	17
1561	15
1562	24
1563	23
1564	20
1565	14
1566	9
1567	17
1568	8
1569	16
1570	15
1571	16
1572	26
1573	17
1574	17
1575	14
1576	19
1577	19
1578	10
1579	12
1580	15
1581	11
1582	17
1583	25
1584	22
1585	10
1586	17
1587	11
1588	15
1589	20
1590	16
1591	11
1592	23
1593	10
1594	13
1595	21
1596	14
1597	12
1598	12
1599	16
1600	18
1601	11
1602	20
1603	18
1604	18
1605	14
1606	13
1607	16
1608	15
1609	16
1610	6
1611	15
1612	18
1613	12
1614	17
1615	13
1616	16
1617	12
1618	14
1619	12
1620	13
1621	13
1622	18
1623	16
1624	15
1625	8
1626	10
1627	14
1628	14
1629	16
1630	11
1631	19
1632	18
1633	24
1634	14
1635	24
1636	21
1637	15
1638	13
1639	12
1640	10
1641	10
1642	16
1643	16
1644	15
1645	16
1646	14
1647	22
1648	15
1649	6
1650	8
1651	11
1652	9
1653	15
1654	20
1655	16
1656	10
1657	6
1658	13
1659	14
1660	17
1661	14
1662	23
1663	17
1664	11
1665	10
1666	15
1667	18
1668	15
1669	13
1670	15
1671	15
1672	16
1673	9
1674	24
1675	17
1676	16
1677	17
1678	8
1679	18
1680	11
1681	15
1682	20
1683	20
1684	16
1685	9
1686	10
1687	15
1688	11
1689	11
1690	15
1691	13
1692	11
1693	10
1694	5
1695	15
1696	17
1697	14
1698	16
1699	8
1700	21
1701	16
1702	19
1703	14
1704	13
1705	15
1706	13
1707	19
1708	14
1709	11
1710	14
1711	8
1712	12
1713	14
1714	12
1715	15
1716	14
1717	8
1718	11
1719	10
1720	13
1721	18
1722	10
1723	12
1724	13
1725	9
1726	17
1727	16
1728	10
1729	7
1730	11
1731	13
1732	11
1733	11
1734	15
1735	7
1736	9
1737	6
1738	14
1739	11
1740	10
1741	16
1742	16
1743	12
1744	18
1745	14
1746	12
1747	9
1748	17
1749	17
1750	11
1751	16
1752	9
1753	17
1754	10
1755	15
1756	14
1757	12
1758	11
1759	15
1760	11
1761	11
1762	20
1763	7
1764	14
1765	8
1766	13
1767	15
1768	11
1769	13
1770	17
1771	8
1772	13
1773	15
1774	11
1775	16
1776	8
1777	7
1778	21
1779	14
1780	11
1781	13
1782	11
1783	9
1784	13
1785	10
1786	15
1787	11
1788	8
1789	12
1790	12
1791	8
1792	15
1793	3
1794	13
1795	22
1796	8
1797	12
1798	13
1799	11
1800	9
1801	23
1802	9
1803	10
1804	11
1805	9
1806	20
1807	12
1808	13
1809	17
1810	18
1811	8
1812	14
1813	12
1814	13
1815	13
1816	16
1817	11
1818	7
1819	9
1820	5
1821	16
1822	13
1823	8
1824	13
1825	8
1826	14
1827	12
1828	5
1829	19
1830	16
1831	11
1832	14
1833	10
1834	16
1835	8
1836	13
1837	3
1838	15
1839	15
1840	11
1841	13
1842	8
1843	15
1844	16
1845	12
1846	5
1847	16
1848	17
1849	14
1850	11
1851	14
1852	14
1853	16
1854	10
1855	8
1856	15
1857	13
1858	12
1859	14
1860	9
1861	17
1862	15
1863	6
1864	15
1865	16
1866	11
1867	7
1868	10
1869	13
1870	18
1871	11
1872	12
1873	9
1874	18
1875	10
1876	8
1877	15
1878	14
1879	14
1880	6
1881	9
1882	15
1883	8
1884	10
1885	10
1886	5
1887	14
1888	10
1889	13
1890	14
1891	8
1892	10
1893	11
1894	8
1895	10
1896	8
1897	14
1898	4
1899	12
1900	7
1901	7
1902	14
1903	9
1904	10
1905	10
1906	7
1907	6
1908	6
1909	15
1910	9
1911	8
1912	12
1913	9
1914	14
1915	13
1916	6
1917	14
1918	7
1919	6
1920	10
1921	9
1922	11
1923	5
1924	10
1925	17
1926	11
1927	13
1928	10
1929	8
1930	17
1931	7
1932	14
1933	13
1934	8
1935	9
1936	9
1937	10
1938	7
1939	10
1940	2
1941	6
1942	15
1943	10
1944	9
1945	6
1946	13
1947	12
1948	12
1949	7
1950	10
1951	7
1952	13
1953	6
1954	9
1955	9
1956	17
1957	15
1958	11
1959	10
1960	14
1961	10
1962	10
1963	15
1964	12
1965	17
1966	10
1967	7
1968	11
1969	9
1970	11
1971	12
1972	12
1973	6
1974	12
1975	7
1976	9
1977	13
1978	16
1979	10
1980	12
1981	10
1982	7
1983	17
1984	11
1985	10
1986	11
1987	13
1988	16
1989	17
1990	8
1991	7
1992	8
1993	10
1994	16
1995	12
1996	14
1997	10
1998	14
1999	10
2000	7
2001	22
2002	12
2003	9
2004	13
2005	9
2006	10
2007	10
2008	11
2009	14
2010	7
2011	11
2012	11
2013	13
2014	10
2015	13
2016	9
2017	10
2018	7
2019	12
2020	10
2021	18
2022	10
2023	14
2024	14
2025	14
2026	7
2027	14
2028	13
2029	13
2030	12
2031	11
2032	11
2033	19
2034	12
2035	15
2036	13
2037	11
2038	13
2039	11
2040	12
2041	13
2042	16
2043	13
2044	13
2045	14
2046	14
2047	15
2048	15
2049	14
2050	16
2051	15
2052	16
2053	15
2054	17
2055	12
2056	12
2057	14
2058	15
2059	18
2060	16
2061	16
2062	10
2063	7
2064	10
2065	18
2066	14
2067	8
2068	17
2069	17
2070	14
2071	15
2072	18
2073	14
2074	13
2075	9
2076	12
2077	16
2078	17
2079	12
2080	16
2081	12
2082	14
2083	22
2084	12
2085	9
2086	15
2087	15
2088	13
2089	12
2090	13
2091	14
2092	11
2093	12
2094	14
2095	9
2096	18
2097	9
2098	16
2099	11
2100	19
2101	13
2102	21
2103	17
2104	9
2105	12
2106	10
2107	14
2108	10
2109	12
2110	14
2111	9
2112	13
2113	9
2114	9
2115	12
2116	10
2117	8
2118	14
2119	9
2120	17
2121	7
2122	9
2123	7
2124	17
2125	17
2126	15
2127	11
2128	13
2129	15
2130	9
2131	14
2132	8
2133	10
2134	17
2135	12
2136	13
2137	10
2138	10
2139	6
2140	9
2141	10
2142	15
2143	8
2144	16
2145	10
2146	11
2147	13
2148	10
2149	9
2150	9
2151	7
2152	15
2153	13
2154	9
2155	7
2156	15
2157	7
2158	14
2159	12
2160	8
2161	13
2162	8
2163	13
2164	9
2165	9
2166	13
2167	8
2168	12
2169	10
2170	9
2171	11
2172	10
2173	12
2174	10
2175	9
2176	6
2177	9
2178	11
2179	8
2180	6
2181	10
2182	5
2183	18
2184	9
2185	11
2186	9
2187	10
2188	6
2189	9
2190	7
2191	10
2192	9
2193	11
2194	8
2195	10
2196	5
2197	8
2198	10
2199	10
2200	6
2201	10
2202	5
2203	7
2204	4
2205	12
2206	10
2207	7
2208	5
2209	9
2210	10
2211	11
2212	6
2213	7
2214	10
2215	9
2216	6
2217	6
2218	5
2219	6
2220	8
2221	6
2222	8
2223	8
2224	6
2225	8
2226	5
2227	7
2228	5
2229	2
2230	8
2231	6
2232	9
2233	5
2234	3
2235	7
2236	7
2237	5
2238	9
2239	7
2240	10
2241	2
2242	9
2243	8
2244	5
2245	4
2246	6
2247	4
2248	6
2249	5
2250	8
2251	3
2252	9
2253	9
2254	8
2255	10
2256	7
2257	10
2258	8
2259	5
2260	6
2261	7
2262	6
2263	9
2264	9
2265	3
2266	5
2267	8
2268	4
2269	5
2270	8
2271	11
2272	5
2273	8
2274	5
2275	7
2276	6
2277	8
2278	8
2279	5
2280	13
2281	4
2282	8
2283	6
2284	9
2285	4
2286	6
2287	6
2288	7
2289	8
2290	7
2291	7
2292	0
2293	9
2294	7
2295	3
2296	6
2297	9
2298	4
2299	7
2300	6
2301	8
2302	7
2303	5
2304	5
2305	7
2306	6
2307	6
2308	3
2309	9
2310	7
2311	13
2312	7
2313	5
2314	11
2315	5
2316	6
2317	8
2318	7
2319	8
2320	4
2321	5
2322	8
2323	7
2324	7
2325	7
2326	3
2327	6
2328	5
2329	8
2330	4
2331	8
2332	5
2333	10
2334	4
2335	7
2336	6
2337	5
2338	6
2339	7
2340	4
2341	7
2342	10
2343	7
2344	10
2345	5
2346	9
2347	9
2348	7
2349	10
2350	3
2351	7
2352	10
2353	3
2354	10
2355	4
2356	4
2357	7
2358	3
2359	5
2360	5
2361	8
2362	6
2363	7
2364	8
2365	6
2366	6
2367	8
2368	6
2369	5
2370	7
2371	5
2372	7
2373	7
2374	6
2375	5
2376	4
2377	7
2378	3
2379	10
2380	13
2381	4
2382	4
2383	7
2384	9
2385	7
2386	8
2387	3
2388	12
2389	5
2390	6
2391	4
2392	5
2393	7
2394	3
2395	5
2396	6
2397	3
2398	7
2399	5
2400	3
2401	9
2402	4
2403	4
2404	6
2405	5
2406	2
2407	8
2408	5
2409	1
2410	5
2411	8
2412	4
2413	5
2414	6
2415	6
2416	4
2417	9
2418	6
2419	6
2420	9
2421	4
2422	9
2423	6
2424	4
2425	9
2426	5
2427	7
2428	3
2429	5
2430	7
2431	4
2432	5
2433	12
2434	5
2435	2
2436	4
2437	8
2438	4
2439	5
2440	5
2441	9
2442	10
2443	5
2444	8
2445	7
2446	9
2447	12
2448	4
2449	6
2450	5
2451	5
2452	2
2453	4
2454	1
2455	4
2456	8
2457	5
2458	4
2459	8
2460	10
2461	6
2462	3
2463	6
2464	6
2465	6
2466	4
2467	3
2468	3
2469	7
2470	7
2471	4
2472	5
2473	7
2474	5
2475	4
2476	7
2477	7
2478	9
2479	13
2480	6
2481	6
2482	3
2483	2
2484	6
2485	5
2486	6
2487	4
2488	10
2489	6
2490	4
2491	4
2492	10
2493	4
2494	8
2495	4
2496	3
2497	3
2498	5
2499	6
2500	5
2501	12
2502	7
2503	7
2504	2
2505	7
2506	4
2507	3
2508	4
2509	3
2510	3
2511	4
2512	5
2513	6
2514	7
2515	7
2516	4
2517	6
2518	6
2519	7
2520	5
2521	8
2522	5
2523	8
2524	6
2525	5
2526	7
2527	4
2528	4
2529	2
2530	5
2531	5
2532	5
2533	5
2534	16
2535	3
2536	3
2537	4
2538	2
2539	13
2540	3
2541	3
2542	5
2543	4
2544	10
2545	4
2546	1
2547	2
2548	6
2549	6
2550	4
2551	7
2552	4
2553	7
2554	5
2555	4
2556	1
2557	6
2558	6
2559	9
2560	4
2561	5
2562	3
2563	10
2564	6
2565	5
2566	8
2567	6
2568	3
2569	6
2570	5
2571	4
2572	8
2573	2
2574	2
2575	5
2576	5
2577	2
2578	6
2579	4
2580	4
2581	2
2582	7
2583	8
2584	9
2585	6
2586	7
2587	3
2588	6
2589	2
2590	7
2591	5
2592	4
2593	3
2594	7
2595	5
2596	4
2597	9
2598	6
2599	6
2600	7
2601	3
2602	5
2603	7
2604	6
2605	7
2606	5
2607	2
2608	4
2609	2
2610	7
2611	7
2612	2
2613	3
2614	7
2615	7
2616	3
2617	5
2618	5
2619	4
2620	1
2621	7
2622	9
2623	4
2624	5
2625	4
2626	7
2627	7
2628	7
2629	7
2630	2
2631	8
2632	3
2633	4
2634	6
2635	5
2636	11
2637	5
2638	8
2639	6
2640	5
2641	1
2642	5
2643	6
2644	7
2645	5
2646	3
2647	4
2648	7
2649	6
2650	7
2651	9
2652	6
2653	1
2654	7
2655	6
2656	8
2657	2
2658	5
2659	3
2660	7
2661	3
2662	3
2663	7
2664	5
2665	3
2666	6
2667	7
2668	8
2669	7
2670	5
2671	5
2672	3
2673	1
2674	5
2675	5
2676	2
2677	4
2678	6
2679	5
2680	6
2681	6
2682	3
2683	2
2684	4
2685	3
2686	2
2687	9
2688	10
2689	1
2690	1
2691	7
2692	3
2693	5
2694	0
2695	7
2696	7
2697	6
2698	7
2699	5
2700	2
2701	7
2702	6
2703	4
2704	4
2705	2
2706	6
2707	5
2708	3
2709	7
2710	8
2711	6
2712	4
2713	3
2714	4
2715	7
2716	5
2717	4
2718	2
2719	4
2720	4
2721	8
2722	6
2723	3
2724	5
2725	4
2726	4
2727	6
2728	6
2729	5
2730	9
2731	4
2732	4
2733	9
2734	3
2735	6
2736	4
2737	4
2738	6
2739	3
2740	4
2741	5
2742	6
2743	2
2744	8
2745	4
2746	7
2747	4
2748	5
2749	0
2750	4
2751	7
2752	7
2753	6
2754	6
2755	6
2756	2
2757	3
2758	7
2759	6
2760	4
2761	3
2762	12
2763	4
2764	9
2765	9
2766	5
2767	4
2768	3
2769	3
2770	6
2771	7
2772	6
2773	2
2774	4
2775	7
2776	3
2777	7
2778	3
2779	7
2780	5
2781	6
2782	3
2783	5
2784	6
2785	4
2786	6
2787	3
2788	3
2789	6
2790	5
2791	6
2792	6
2793	3
2794	6
2795	4
2796	3
2797	5
2798	4
2799	5
2800	6
2801	6
2802	3
2803	2
2804	6
2805	5
2806	4
2807	4
2808	6
2809	5
2810	7
2811	6
2812	4
2813	5
2814	5
2815	3
2816	6
2817	6
2818	5
2819	5
2820	2
2821	1
2822	7
2823	1
2824	6
2825	7
2826	4
2827	9
2828	5
2829	10
2830	2
2831	6
2832	6
2833	5
2834	7
2835	8
2836	5
2837	4
2838	7
2839	3
2840	7
2841	6
2842	2
2843	5
2844	8
2845	8
2846	4
2847	7
2848	4
2849	5
2850	7
2851	4
2852	2
2853	2
2854	4
2855	8
2856	4
2857	4
2858	2
2859	7
2860	4
2861	8
2862	6
2863	8
2864	6
2865	2
2866	4
2867	7
2868	4
2869	6
2870	6
2871	7
2872	4
2873	8
2874	6
2875	2
2876	4
2877	7
2878	3
2879	8
2880	5
2881	5
2882	5
2883	3
2884	3
2885	2
2886	4
2887	7
2888	4
2889	7
2890	8
2891	8
2892	5
2893	10
2894	6
2895	7
2896	4
2897	5
2898	5
2899	10
2900	7
2901	3
2902	5
2903	7
2904	3
2905	8
2906	7
2907	9
2908	2
2909	11
2910	5
2911	6
2912	12
2913	7
2914	3
2915	5
2916	7
2917	3
2918	5
2919	6
2920	4
2921	8
2922	6
2923	3
2924	3
2925	4
2926	7
2927	3
2928	8
2929	4
2930	5
2931	1
2932	3
2933	1
2934	2
2935	5
2936	2
2937	8
2938	7
2939	8
2940	3
2941	7
2942	7
2943	2
2944	2
2945	5
2946	4
2947	5
2948	1
2949	2
2950	1
2951	9
2952	6
2953	9
2954	1
2955	4
2956	2
2957	5
2958	10
2959	5
2960	4
2961	3
2962	4
2963	7
2964	2
2965	5
2966	5
2967	4
2968	6
2969	3
2970	3
2971	7
2972	3
2973	9
2974	5
2975	1
2976	3
2977	4
2978	6
2979	9
2980	6
2981	3
2982	4
2983	6
2984	3
2985	4
2986	2
2987	5
2988	4
2989	7
2990	5
2991	4
2992	6
2993	7
2994	2
2995	10
2996	6
2997	2
2998	3
2999	6
3000	6
3001	4
3002	5
3003	5
3004	5
3005	5
3006	10
3007	3
3008	4
3009	2
3010	4
3011	4
3012	4
3013	4
3014	3
3015	3
3016	3
3017	1
3018	5
3019	5
3020	7
3021	4
3022	3
3023	4
3024	1
3025	7
3026	3
3027	1
3028	5
3029	4
3030	3
3031	1
3032	4
3033	6
3034	7
3035	4
3036	2
3037	2
3038	5
3039	0
3040	4
3041	1
3042	5
3043	9
3044	6
3045	5
3046	5
3047	5
3048	6
3049	1
3050	3
3051	5
3052	7
3053	3
3054	5
3055	4
3056	3
3057	3
3058	6
3059	3
3060	5
3061	5
3062	8
3063	4
3064	3
3065	4
3066	5
3067	8
3068	4
3069	1
3070	2
3071	3
3072	6
3073	5
3074	0
3075	5
3076	5
3077	7
3078	4
3079	3
3080	2
3081	1
3082	3
3083	2
3084	2
3085	5
3086	0
3087	1
3088	3
3089	6
3090	4
3091	4
3092	6
3093	5
3094	6
3095	3
3096	1
3097	6
3098	3
3099	4
3100	2
3101	2
3102	4
3103	2
3104	4
3105	3
3106	3
3107	3
3108	5
3109	4
3110	2
3111	1
3112	3
3113	5
3114	2
3115	7
3116	1
3117	4
3118	7
3119	1
3120	7
3121	2
3122	3
3123	2
3124	4
3125	3
3126	0
3127	3
3128	1
3129	2
3130	2
3131	3
3132	1
3133	3
3134	1
3135	3
3136	2
3137	5
3138	2
3139	1
3140	1
3141	1
3142	1
3143	1
3144	1
3145	3
3146	2
3147	0
3148	5
3149	3
3150	4
3151	1
3152	4
3153	4
3154	1
3155	2
3156	3
3157	5
3158	4
3159	2
3160	2
3161	1
3162	3
3163	2
3164	4
3165	0
3166	3
3167	1
3168	4
3169	2
3170	4
3171	2
3172	3
3173	2
3174	2
3175	3
3176	6
3177	3
3178	4
3179	1
3180	1
3181	3
3182	3
3183	1
3184	2
3185	3
3186	2
3187	6
3188	2
3189	2
3190	2
3191	1
3192	5
3193	1
3194	3
3195	3
3196	2
3197	2
3198	0
3199	4
3200	3
3201	3
3202	4
3203	2
3204	2
3205	5
3206	0
3207	2
3208	4
3209	2
3210	2
3211	4
3212	4
3213	4
3214	2
3215	1
3216	2
3217	5
3218	1
3219	1
3220	9
3221	4
3222	8
3223	4
3224	0
3225	3
3226	1
3227	1
3228	1
3229	4
3230	5
3231	5
3232	5
3233	2
3234	4
3235	2
3236	4
3237	2
3238	3
3239	2
3240	6
3241	5
3242	4
3243	2
3244	3
3245	3
3246	0
3247	2
3248	4
3249	0
3250	3
3251	4
3252	2
3253	3
3254	3
3255	3
3256	7
3257	4
3258	4
3259	7
3260	5
3261	5
3262	1
3263	1
3264	2
3265	2
3266	7
3267	4
3268	2
3269	5
3270	3
3271	3
3272	3
3273	4
3274	2
3275	2
3276	1
3277	3
3278	2
3279	3
3280	4
3281	3
3282	6
3283	4
3284	4
3285	1
3286	3
3287	2
3288	3
3289	2
3290	3
3291	2
3292	6
3293	5
3294	3
3295	2
3296	6
3297	4
3298	4
3299	3
3300	5
3301	3
3302	3
3303	3
3304	6
3305	1
3306	1
3307	3
3308	5
3309	4
3310	3
3311	2
3312	3
3313	4
3314	7
3315	2
3316	3
3317	9
3318	2
3319	2
3320	3
3321	3
3322	4
3323	1
3324	8
3325	1
3326	7
3327	2
3328	3
3329	2
3330	6
3331	2
3332	7
3333	4
3334	2
3335	5
3336	5
3337	5
3338	3
3339	4
3340	9
3341	1
3342	3
3343	2
3344	3
3345	4
3346	8
3347	5
3348	3
3349	2
3350	3
3351	0
3352	6
3353	5
3354	3
3355	3
3356	0
3357	3
3358	1
3359	3
3360	5
3361	0
3362	3
3363	2
3364	4
3365	2
3366	8
3367	2
3368	2
3369	3
3370	5
3371	4
3372	4
3373	0
3374	1
3375	2
3376	1
3377	1
3378	0
3379	4
3380	2
3381	6
3382	5
3383	1
3384	3
3385	2
3386	3
3387	3
3388	5
3389	3
3390	1
3391	1
3392	1
3393	4
3394	5
3395	2
3396	2
3397	2
3398	2
3399	3
3400	4
3401	5
3402	0
3403	3
3404	6
3405	7
3406	3
3407	3
3408	8
3409	3
3410	2
3411	2
3412	1
3413	3
3414	1
3415	2
3416	4
3417	4
3418	4
3419	4
3420	5
3421	1
3422	1
3423	5
3424	3
3425	5
3426	3
3427	4
3428	3
3429	2
3430	4
3431	2
3432	1
3433	2
3434	2
3435	4
3436	1
3437	2
3438	6
3439	3
3440	4
3441	5
3442	4
3443	6
3444	2
3445	5
3446	4
3447	2
3448	5
3449	5
3450	0
3451	2
3452	1
3453	2
3454	5
3455	4
3456	3
3457	2
3458	2
3459	4
3460	5
3461	2
3462	5
3463	2
3464	8
3465	1
3466	0
3467	3
3468	6
3469	3
3470	2
3471	1
3472	2
3473	4
3474	3
3475	2
3476	3
3477	5
3478	2
3479	2
3480	5
3481	2
3482	2
3483	3
3484	3
3485	0
3486	3
3487	4
3488	5
3489	3
3490	3
3491	1
3492	5
3493	0
3494	2
3495	2
3496	6
3497	1
3498	6
3499	1
3500	1
3501	3
3502	1
3503	2
3504	3
3505	1
3506	1
3507	5
3508	2
3509	3
3510	2
3511	2
3512	3
3513	7
3514	2
3515	2
3516	2
3517	4
3518	3
3519	2
3520	3
3521	2
3522	3
3523	1
3524	2
3525	3
3526	3
3527	0
3528	0
3529	2
3530	3
3531	0
3532	2
3533	2
3534	3
3535	1
3536	1
3537	8
3538	4
3539	7
3540	2
3541	3
3542	2
3543	5
3544	2
3545	1
3546	4
3547	2
3548	3
3549	0
3550	3
3551	4
3552	3
3553	3
3554	2
3555	4
3556	4
3557	3
3558	6
3559	2
3560	3
3561	2
3562	2
3563	4
3564	2
3565	1
3566	0
3567	2
3568	3
3569	4
3570	1
3571	2
3572	1
3573	6
3574	1
3575	2
3576	4
3577	0
3578	3
3579	5
3580	1
3581	4
3582	2
3583	3
3584	2
3585	2
3586	3
3587	3
3588	2
3589	3
3590	2
3591	3
3592	3
3593	2
3594	1
3595	2
3596	3
3597	5
3598	2
3599	4
3600	4
3601	5
3602	0
3603	4
3604	3
3605	1
3606	2
3607	2
3608	1
3609	2
3610	1
3611	3
3612	1
3613	2
3614	5
3615	3
3616	2
3617	3
3618	1
3619	1
3620	2
3621	2
3622	2
3623	1
3624	2
3625	2
3626	6
3627	2
3628	2
3629	1
3630	2
3631	2
3632	1
3633	3
3634	2
3635	3
3636	2
3637	2
3638	6
3639	2
3640	3
3641	2
3642	1
3643	4
3644	5
3645	1
3646	1
3647	3
3648	3
3649	1
3650	0
3651	3
3652	2
3653	6
3654	2
3655	1
3656	5
3657	3
3658	2
3659	3
3660	2
3661	2
3662	2
3663	1
3664	1
3665	2
3666	4
3667	5
3668	4
3669	1
3670	4
3671	2
3672	4
3673	3
3674	4
3675	3
3676	1
3677	5
3678	3
3679	2
3680	2
3681	2
3682	4
3683	7
3684	1
3685	2
3686	2
3687	2
3688	2
3689	4
3690	3
3691	3
3692	1
3693	1
3694	0
3695	2
3696	3
3697	2
3698	2
3699	1
3700	1
3701	2
3702	2
3703	1
3704	3
3705	1
3706	1
3707	3
3708	3
3709	1
3710	3
3711	2
3712	4
3713	2
3714	1
3715	0
3716	6
3717	8
3718	1
3719	2
3720	3
3721	6
3722	1
3723	6
3724	1
3725	1
3726	0
3727	1
3728	0
3729	1
3730	4
3731	1
3732	0
3733	0
3734	1
3735	3
3736	1
3737	2
3738	1
3739	1
3740	3
3741	1
3742	1
3743	4
3744	0
3745	2
3746	4
3747	1
3748	1
3749	1
3750	1
3751	2
3752	1
3753	5
3754	3
3755	1
3756	2
3757	1
3758	3
3759	3
3760	3
3761	2
3762	2
3763	1
3764	2
3765	4
3766	1
3767	0
3768	5
3769	0
3770	2
3771	2
3772	4
3773	2
3774	1
3775	1
3776	0
3777	5
3778	4
3779	2
3780	1
3781	0
3782	1
3783	0
3784	3
3785	3
3786	1
3787	1
3788	2
3789	1
3790	2
3791	1
3792	2
3793	0
3794	4
3795	1
3796	1
3797	1
3798	4
3799	1
3800	0
3801	3
3802	0
3803	2
3804	1
3805	1
3806	0
3807	1
3808	2
3809	3
3810	2
3811	2
3812	1
3813	4
3814	0
3815	2
3816	5
3817	3
3818	1
3819	3
3820	4
3821	2
3822	1
3823	3
3824	1
3825	1
3826	3
3827	0
3828	3
3829	1
3830	1
3831	1
3832	1
3833	1
3834	3
3835	4
3836	1
3837	1
3838	2
3839	0
3840	0
3841	3
3842	1
3843	2
3844	0
3845	2
3846	1
3847	0
3848	1
3849	3
3850	4
3851	2
3852	1
3853	2
3854	3
3855	0
3856	2
3857	0
3858	3
3859	3
3860	2
3861	2
3862	1
3863	2
3864	1
3865	1
3866	1
3867	1
3868	1
3869	1
3870	1
3871	3
3872	5
3873	2
3874	3
3875	0
3876	2
3877	0
3878	3
3879	0
3880	3
3881	0
3882	2
3883	1
3884	0
3885	2
3886	1
3887	2
3888	1
3889	2
3890	2
3891	3
3892	2
3893	1
3894	2
3895	0
3896	2
3897	4
3898	0
3899	3
3900	0
3901	2
3902	1
3903	0
3904	1
3905	1
3906	3
3907	2
3908	2
3909	4
3910	5
3911	0
3912	2
3913	1
3914	2
3915	3
3916	3
3917	4
3918	2
3919	2
3920	0
3921	3
3922	0
3923	2
3924	0
3925	1
3926	3
3927	3
3928	3
3929	2
3930	2
3931	0
3932	2
3933	3
3934	6
3935	2
3936	3
3937	2
3938	1
3939	1
3940	2
3941	2
3942	4
3943	1
3944	5
3945	3
3946	1
3947	0
3948	3
3949	6
3950	3
3951	3
3952	1
3953	3
3954	1
3955	4
3956	3
3957	1
3958	2
3959	2
3960	3
3961	4
3962	5
3963	2
3964	2
3965	2
3966	4
3967	3
3968	2
3969	2
3970	1
3971	0
3972	8
3973	1
3974	0
3975	2
3976	1
3977	1
3978	4
3979	3
3980	1
3981	3
3982	2
3983	2
3984	2
3985	1
3986	2
3987	4
3988	0
3989	1
3990	4
3991	1
3992	1
3993	6
3994	1
3995	4
3996	2
3997	5
3998	4
3999	3
4000	4
4001	2
4002	5
4003	2
4004	1
4005	2
4006	0
4007	2
4008	2
4009	3
4010	1
4011	3
4012	2
4013	2
4014	5
4015	2
4016	6
4017	0
4018	2
4019	3
4020	3
4021	2
4022	1
4023	3
4024	1
4025	4
4026	2
4027	2
4028	0
4029	2
4030	2
4031	6
4032	4
4033	3
4034	5
4035	1
4036	3
4037	4
4038	1
4039	4
4040	6
4041	1
4042	3
4043	2
4044	5
4045	1
4046	1
4047	2
4048	4
4049	2
4050	3
4051	2
4052	5
4053	1
4054	3
4055	3
4056	4
4057	4
4058	2
4059	0
4060	4
4061	5
4062	4
4063	6
4064	2
4065	2
4066	4
4067	1
4068	5
4069	6
4070	3
4071	3
4072	2
4073	2
4074	4
4075	4
4076	5
4077	4
4078	2
4079	1
4080	4
4081	7
4082	3
4083	1
4084	3
4085	4
4086	5
4087	3
4088	2
4089	4
4090	5
4091	2
4092	5
4093	2
4094	4
4095	1
4096	5
4097	3
4098	8
4099	1
4100	9
4101	4
4102	3
4103	1
4104	2
4105	4
4106	8
4107	2
4108	7
4109	3
4110	7
4111	5
4112	6
4113	5
4114	8
4115	2
4116	4
4117	5
4118	1
4119	3
4120	7
4121	6
4122	0
4123	6
4124	3
4125	6
4126	6
4127	2
4128	3
4129	5
4130	5
4131	2
4132	3
4133	6
4134	5
4135	4
4136	7
4137	4
4138	4
4139	2
4140	8
4141	2
4142	4
4143	5
4144	7
4145	1
4146	3
4147	4
4148	3
4149	10
4150	3
4151	8
4152	2
4153	5
4154	8
4155	3
4156	4
4157	5
4158	2
4159	7
4160	8
4161	4
4162	9
4163	8
4164	6
4165	5
4166	6
4167	6
4168	5
4169	6
4170	7
4171	4
4172	2
4173	0
4174	5
4175	9
4176	5
4177	8
4178	4
4179	7
4180	6
4181	8
4182	5
4183	3
4184	7
4185	10
4186	8
4187	4
4188	7
4189	3
4190	7
4191	5
4192	6
4193	3
4194	7
4195	2
4196	1
4197	4
4198	7
4199	8
4200	4
4201	6
4202	6
4203	4
4204	6
4205	7
4206	4
4207	3
4208	6
4209	5
4210	6
4211	6
4212	8
4213	6
4214	3
4215	4
4216	6
4217	6
4218	3
4219	4
4220	3
4221	6
4222	3
4223	5
4224	6
4225	8
4226	1
4227	3
4228	5
4229	6
4230	1
4231	4
4232	6
4233	5
4234	1
4235	6
4236	6
4237	8
4238	4
4239	1
4240	6
4241	6
4242	4
4243	2
4244	3
4245	3
4246	5
4247	8
4248	10
4249	4
4250	5
4251	2
4252	4
4253	4
4254	6
4255	8
4256	5
4257	4
4258	1
4259	4
4260	3
4261	7
4262	1
4263	1
4264	7
4265	6
4266	3
4267	4
4268	4
4269	3
4270	1
4271	4
4272	1
4273	4
4274	3
4275	5
4276	5
4277	4
4278	1
4279	1
4280	3
4281	5
4282	4
4283	4
4284	5
4285	4
4286	3
4287	1
4288	2
4289	2
4290	6
4291	1
4292	4
4293	5
4294	1
4295	3
4296	2
4297	4
4298	4
4299	7
4300	4
4301	3
4302	0
4303	1
4304	3
4305	3
4306	5
4307	2
4308	0
4309	0
4310	2
4311	2
4312	2
4313	4
4314	3
4315	1
4316	4
4317	0
4318	0
4319	0
4320	3
4321	2
4322	4
4323	3
4324	4
4325	1
4326	3
4327	4
4328	1
4329	1
4330	1
4331	5
4332	0
4333	2
4334	1
4335	3
4336	2
4337	1
4338	0
4339	5
4340	2
4341	1
4342	1
4343	3
4344	0
4345	1
4346	3
4347	2
4348	2
4349	3
4350	1
4351	1
4352	2
4353	1
4354	2
4355	0
4356	3
4357	0
4358	3
4359	2
4360	0
4361	2
4362	1
4363	0
4364	3
4365	1
4366	2
4367	4
4368	2
4369	0
4370	1
4371	1
4372	0
4373	2
4374	2
4375	2
4376	4
4377	2
4378	3
4379	0
4380	3
4381	0
4382	2
4383	1
4384	4
4385	0
4386	2
4387	0
4388	1
4389	2
4390	1
4391	4
4392	0
4393	0
4394	2
4395	1
4396	1
4397	0
4398	0
4399	3
4400	2
4401	1
4402	0
4403	0
4404	1
4405	0
4406	2
4407	0
4408	1
4409	1
4410	2
4411	0
4412	1
4413	1
4414	1
4415	1
4416	3
4417	2
4418	2
4419	1
4420	1
4421	2
4422	1
4423	2
4424	1
4425	1
4426	1
4427	2
4428	3
4429	0
4430	2
4431	0
4432	2
4433	1
4434	0
4435	2
4436	1
4437	3
4438	0
4439	2
4440	1
4441	1
4442	1
4443	0
4444	4
4445	4
4446	1
4447	1
4448	3
4449	2
4450	2
4451	0
4452	0
4453	1
4454	1
4455	0
4456	1
4457	1
4458	0
4459	2
4460	3
4461	2
4462	2
4463	1
4464	1
4465	0
4466	0
4467	1
4468	1
4469	1
4470	1
4471	0
4472	1
4473	1
4474	2
4475	3
4476	2
4477	0
4478	2
4479	4
4480	1
4481	2
4482	0
4483	0
4484	2
4485	0
4486	2
4487	3
4488	1
4489	0
4490	1
4491	0
4492	0
4493	2
4494	3
4495	0
4496	4
4497	1
4498	0
4499	0
4500	0
4501	0
4502	3
4503	1
4504	1
4505	2
4506	1
4507	1
4508	2
4509	3
4510	0
4511	0
4512	1
4513	0
4514	1
4515	3
4516	0
4517	1
4518	1
4519	1
4520	1
4521	0
4522	2
4523	0
4524	0
4525	0
4526	1
4527	3
4528	0
4529	1
4530	0
4531	0
4532	1
4533	2
4534	5
4535	2
4536	0
4537	1
4538	1
4539	0
4540	0
4541	1
4542	0
4543	0
4544	1
4545	0
4546	1
4547	0
4548	0
4549	2
4550	2
4551	1
4552	1
4553	1
4554	1
4555	2
4556	0
4557	0
4558	3
4559	2
4560	1
4561	2
4562	1
4563	0
4564	1
4565	3
4566	0
4567	0
4568	1
4569	2
4570	1
4571	1
4572	1
4573	1
4574	0
4575	1
4576	0
4577	0
4578	1
4579	0
4580	1
4581	3
4582	3
4583	4
4584	2
4585	0
4586	3
4587	1
4588	1
4589	2
4590	0
4591	2
4592	1
4593	0
4594	0
4595	1
4596	2
4597	2
4598	1
4599	1
4600	2
4601	0
4602	2
4603	2
4604	0
4605	3
4606	1
4607	2
4608	1
4609	1
4610	0
4611	1
4612	0
4613	0
4614	2
4615	0
4616	0
4617	0
4618	0
4619	1
4620	2
4621	1
4622	4
4623	0
4624	1
4625	1
4626	2
4627	1
4628	1
4629	0
4630	0
4631	3
4632	2
4633	2
4634	1
4635	1
4636	0
4637	2
4638	0
4639	2
4640	2
4641	1
4642	0
4643	1
4644	2
4645	0
4646	0
4647	2
4648	1
4649	0
4650	0
4651	0
4652	0
4653	0
4654	3
4655	1
4656	1
4657	0
4658	2
4659	1
4660	1
4661	2
4662	1
4663	2
4664	1
4665	3
4666	2
4667	2
4668	2
4669	0
4670	1
4671	0
4672	2
4673	2
4674	0
4675	0
4676	0
4677	1
4678	1
4679	0
4680	2
4681	0
4682	0
4683	0
4684	0
4685	1
4686	2
4687	3
4688	2
4689	0
4690	0
4691	2
4692	2
4693	1
4694	2
4695	1
4696	0
4697	1
4698	0
4699	0
4700	0
4701	2
4702	2
4703	0
4704	1
4705	1
4706	1
4707	0
4708	0
4709	1
4710	0
4711	0
4712	2
4713	1
4714	0
4715	0
4716	0
4717	1
4718	2
4719	1
4720	0
4721	0
4722	2
4723	1
4724	1
4725	0
4726	0
4727	1
4728	2
4729	0
4730	0
4731	0
4732	0
4733	0
4734	1
4735	1
4736	1
4737	0
4738	2
4739	2
4740	0
4741	1
4742	0
4743	0
4744	2
4745	1
4746	2
4747	0
4748	2
4749	0
4750	2
4751	2
4752	1
4753	0
4754	3
4755	3
4756	0
4757	1
4758	1
4759	3
4760	2
4761	1
4762	0
4763	1
4764	1
4765	1
4766	0
4767	1
4768	0
4769	0
4770	0
4771	0
4772	2
4773	2
4774	0
4775	0
4776	0
4777	1
4778	1
4779	1
4780	1
4781	2
4782	1
4783	3
4784	1
4785	0
4786	1
4787	1
4788	1
4789	1
4790	1
4791	2
4792	0
4793	3
4794	2
4795	0
4796	1
4797	0
4798	3
4799	1
4800	0
4801	0
4802	1
4803	0
4804	1
4805	0
4806	1
4807	0
4808	1
4809	2
4810	1
4811	1
4812	0
4813	0
4814	0
4815	0
4816	0
4817	2
4818	1
4819	0
4820	1
4821	2
4822	2
4823	3
4824	0
4825	1
4826	0
4827	1
4828	1
4829	0
4830	0
4831	0
4832	0
4833	1
4834	1
4835	1
4836	1
4837	1
4838	2
4839	0
4840	1
4841	0
4842	2
4843	1
4844	0
4845	1
4846	0
4847	1
4848	1
4849	0
4850	1
4851	1
4852	1
4853	1
4854	0
4855	2
4856	0
4857	2
4858	0
4859	1
4860	2
4861	1
4862	0
4863	0
4864	1
4865	1
4866	1
4867	1
4868	1
4869	0
4870	3
4871	3
4872	1
4873	1
4874	2
4875	1
4876	1
4877	2
4878	3
4879	0
4880	1
4881	0
4882	0
4883	1
4884	1
4885	1
4886	2
4887	3
4888	0
4889	0
4890	0
4891	0
4892	0
4893	1
4894	0
4895	2
4896	3
4897	1
4898	3
4899	0
4900	0
4901	1
4902	0
4903	0
4904	2
4905	0
4906	2
4907	2
4908	2
4909	2
4910	2
4911	4
4912	2
4913	2
4914	0
4915	0
4916	0
4917	3
4918	0
4919	1
4920	1
4921	2
4922	0
4923	0
4924	0
4925	2
4926	2
4927	1
4928	2
4929	2
4930	2
4931	0
4932	3
4933	0
4934	0
4935	2
4936	1
4937	2
4938	1
4939	1
4940	1
4941	3
4942	0
4943	1
4944	0
4945	0
4946	0
4947	1
4948	1
4949	1
4950	3
4951	1
4952	1
4953	1
4954	0
4955	2
4956	2
4957	3
4958	4
4959	3
4960	2
4961	1
4962	3
4963	2
4964	2
4965	3
4966	3
4967	0
4968	0
4969	1
4970	2
4971	0
4972	1
4973	0
4974	0
4975	1
4976	2
4977	1
4978	3
4979	2
4980	2
4981	1
4982	1
4983	0
4984	4
4985	1
4986	0
4987	1
4988	1
4989	3
4990	1
4991	3
4992	0
4993	1
4994	1
4995	2
4996	0
4997	1
4998	0
4999	1
5000	0
5001	1
5002	2
5003	0
5004	2
5005	1
5006	1
5007	1
5008	2
5009	0
5010	1
5011	3
5012	2
5013	2
5014	1
5015	0
5016	1
5017	1
5018	2
5019	0
5020	1
5021	1
5022	3
5023	1
5024	3
5025	2
5026	0
5027	1
5028	0
5029	2
5030	0
5031	1
5032	0
5033	0
5034	1
5035	0
5036	2
5037	0
5038	0
5039	2
5040	1
5041	0
5042	2
5043	3
5044	0
5045	2
5046	0
5047	0
5048	0
5049	1
5050	1
5051	0
5052	3
5053	2
5054	1
5055	0
5056	2
5057	1
5058	0
5059	0
5060	2
5061	0
5062	2
5063	0
5064	1
5065	2
5066	0
5067	0
5068	1
5069	0
5070	1
5071	0
5072	0
5073	1
5074	0
5075	0
5076	0
5077	1
5078	0
5079	2
5080	2
5081	0
5082	3
5083	0
5084	1
5085	2
5086	1
5087	1
5088	0
5089	0
5090	0
5091	0
5092	1
5093	0
5094	1
5095	0
5096	0
5097	2
5098	1
5099	1
5100	1
5101	0
5102	0
5103	0
5104	0
5105	1
5106	0
5107	0
5108	1
5109	1
5110	1
5111	1
5112	1
5113	1
5114	0
5115	0
5116	0
5117	0
5118	1
5119	3
5120	0
5121	0
5122	1
5123	0
5124	1
5125	0
5126	0
5127	1
5128	1
5129	1
5130	2
5131	0
5132	1
5133	2
5134	1
5135	0
5136	2
5137	1
5138	0
5139	0
5140	2
5141	3
5142	0
5143	1
5144	3
5145	0
5146	2
5147	1
5148	0
5149	0
5150	0
5151	1
5152	1
5153	0
5154	0
5155	1
5156	0
5157	1
5158	0
5159	3
5160	1
5161	0
5162	0
5163	0
5164	0
5165	0
5166	0
5167	0
5168	0
5169	0
5170	0
5171	0
5172	0
5173	2
5174	0
5175	0
5176	1
5177	1
5178	2
5179	1
5180	0
5181	0
5182	1
5183	1
5184	0
5185	2
5186	1
5187	0
5188	0
5189	2
5190	2
5191	1
5192	1
5193	0
5194	1
5195	1
5196	0
5197	0
5198	0
5199	2
5200	0
5201	0
5202	1
5203	0
5204	0
5205	1
5206	0
5207	1
5208	1
5209	0
5210	0
5211	0
5212	0
5213	0
5214	1
5215	0
5216	1
5217	1
5218	0
5219	1
5220	0
5221	2
5222	0
5223	1
5224	0
5225	3
5226	0
5227	1
5228	0
5229	0
5230	1
5231	0
5232	0
5233	0
5234	0
5235	0
5236	1
5237	1
5238	0
5239	0
5240	0
5241	0
5242	0
5243	0
5244	2
5245	0
5246	1
5247	0
5248	0
5249	1
5250	0
5251	0
5252	1
5253	0
5254	0
5255	1
5256	0
5257	0
5258	2
5259	1
5260	2
5261	0
5262	1
5263	1
5264	1
5265	0
5266	0
5267	0
5268	0
5269	0
5270	0
5271	1
5272	0
5273	0
5274	1
5275	1
5276	0
5277	0
5278	0
5279	0
5280	0
5281	1
5282	0
5283	0
5284	0
5285	0
5286	1
5287	1
5288	0
5289	0
5290	0
5291	1
5292	0
5293	0
5294	0
5295	2
5296	0
5297	0
5298	0
5299	0
5300	0
5301	1
5302	0
5303	0
5304	0
5305	1
5306	0
5307	0
5308	1
5309	0
5310	1
5311	0
5312	0
5313	1
5314	0
5315	0
5316	0
5317	0
5318	2
5319	0
5320	2
5321	0
5322	0
5323	0
5324	1
5325	1
5326	0
5327	0
5328	1
5329	0
5330	1
5331	1
5332	0
5333	1
5334	0
5335	0
5336	1
5337	0
5338	0
5339	2
5340	0
5341	0
5342	0
5343	0
5344	1
5345	0
5346	1
5347	0
5348	0
5349	1
5350	0
5351	1
5352	0
5353	0
5354	1
5355	0
5356	1
5357	1
5358	1
5359	0
5360	0
5361	1
5362	0
5363	0
5364	1
5365	0
5366	0
5367	0
5368	0
5369	0
5370	0
5371	0
5372	0
5373	0
5374	1
5375	0
5376	1
5377	2
5378	0
5379	1
5380	0
5381	0
5382	0
5383	0
5384	0
5385	0
5386	0
5387	0
5388	0
5389	0
5390	0
5391	0
5392	1
5393	0
5394	0
5395	0
5396	1
5397	0
5398	0
5399	0
5400	1
5401	3
5402	0
5403	1
5404	1
5405	0
5406	0
5407	0
5408	0
5409	0
5410	0
5411	1
5412	0
5413	2
5414	1
5415	0
5416	0
5417	1
5418	1
5419	1
5420	0
5421	1
5422	0
5423	0
5424	0
5425	0
5426	0
5427	0
5428	1
5429	0
5430	0
5431	0
5432	2
5433	1
5434	1
5435	0
5436	0
5437	0
5438	1
5439	1
5440	0
5441	0
5442	0
5443	0
5444	0
5445	0
5446	0
5447	0
5448	0
5449	1
5450	0
5451	0
5452	1
5453	0
5454	0
5455	0
5456	0
5457	0
5458	1
5459	0
5460	0
5461	0
5462	1
5463	0
5464	0
5465	1
5466	0
5467	0
5468	0
5469	1
5470	0
5471	0
5472	0
5473	0
5474	0
5475	0
5476	0
5477	0
5478	0
5479	0
5480	0
5481	1
5482	0
5483	1
5484	0
5485	0
5486	0
5487	0
5488	0
5489	0
5490	1
5491	0
5492	0
5493	0
5494	1
5495	0
5496	0
5497	0
5498	1
5499	0
5500	1
5501	0
5502	0
5503	1
5504	0
5505	2
5506	1
5507	0
5508	0
5509	0
5510	0
5511	2
5512	0
5513	0
5514	0
5515	1
5516	1
5517	0
5518	1
5519	0
5520	0
5521	1
5522	0
5523	0
5524	2
5525	0
5526	0
5527	0
5528	1
5529	1
5530	0
5531	0
5532	0
5533	2
5534	0
5535	1
5536	1
5537	0
5538	0
5539	0
5540	0
5541	1
5542	0
5543	1
5544	0
5545	0
5546	1
5547	1
5548	0
5549	1
5550	1
5551	0
5552	0
5553	0
5554	0
5555	0
5556	1
5557	0
5558	0
5559	0
5560	0
5561	1
5562	0
5563	0
5564	1
5565	0
5566	0
5567	0
5568	0
5569	2
5570	0
5571	1
5572	0
5573	0
5574	0
5575	0
5576	1
5577	0
5578	0
5579	0
5580	1
5581	0
5582	0
5583	1
5584	0
5585	0
5586	1
5587	0
5588	2
5589	0
5590	0
5591	1
5592	0
5593	0
5594	0
5595	0
5596	0
5597	0
5598	0
5599	2
5600	0
5601	1
5602	0
5603	0
5604	1
5605	0
5606	0
5607	0
5608	0
5609	2
5610	0
5611	0
5612	0
5613	0
5614	0
5615	1
5616	0
5617	0
5618	0
5619	1
5620	0
5621	1
5622	0
5623	1
5624	0
5625	0
5626	0
5627	0
5628	0
5629	0
5630	1
5631	0
5632	1
5633	0
5634	1
5635	0
5636	1
5637	1
5638	0
5639	0
5640	0
5641	0
5642	0
5643	1
5644	2
5645	0
5646	2
5647	0
5648	1
5649	1
5650	0
5651	0
5652	1
5653	1
5654	0
5655	0
5656	2
5657	0
5658	0
5659	1
5660	1
5661	0
5662	0
5663	0
5664	0
5665	0
5666	0
5667	0
5668	1
5669	0
5670	0
5671	1
5672	0
5673	0
5674	2
5675	0
5676	1
5677	0
5678	0
5679	0
5680	1
5681	0
5682	0
5683	1
5684	0
5685	0
5686	0
5687	0
5688	0
5689	1
5690	0
5691	0
5692	0
5693	0
5694	2
5695	0
5696	1
5697	1
5698	1
5699	0
5700	0
5701	0
5702	2
5703	1
5704	0
5705	1
5706	0
5707	0
5708	0
5709	0
5710	0
5711	0
5712	1
5713	1
5714	0
5715	0
5716	0
5717	0
5718	0
5719	2
5720	1
5721	0
5722	0
5723	1
5724	0
5725	1
5726	0
5727	3
5728	0
5729	0
5730	0
5731	0
5732	0
5733	2
5734	0
5735	0
5736	1
5737	0
5738	1
5739	0
5740	0
5741	0
5742	0
5743	0
5744	0
5745	1
5746	0
5747	2
5748	0
5749	1
5750	1
5751	0
5752	1
5753	0
5754	0
5755	1
5756	1
5757	0
5758	0
5759	0
5760	0
5761	1
5762	0
5763	1
5764	1
5765	1
5766	1
5767	1
5768	0
5769	0
5770	1
5771	1
5772	0
5773	0
5774	0
5775	0
5776	0
5777	1
5778	0
5779	1
5780	0
5781	0
5782	0
5783	1
5784	1
5785	1
5786	1
5787	0
5788	1
5789	0
5790	1
5791	0
5792	2
5793	1
5794	2
5795	0
5796	1
5797	1
5798	0
5799	1
5800	0
5801	2
5802	2
5803	1
5804	0
5805	2
5806	0
5807	2
5808	2
5809	0
5810	0
5811	0
5812	0
5813	1
5814	0
5815	0
5816	1
5817	0
5818	1
5819	1
5820	1
5821	1
5822	2
5823	0
5824	1
5825	2
5826	0
5827	0
5828	0
5829	2
5830	1
5831	2
5832	1
5833	1
5834	3
5835	0
5836	0
5837	1
5838	0
5839	1
5840	0
5841	0
5842	1
5843	1
5844	1
5845	2
5846	0
5847	0
5848	1
5849	0
5850	1
5851	1
5852	1
5853	1
5854	0
5855	1
5856	3
5857	0
5858	1
5859	0
5860	0
5861	0
5862	0
5863	0
5864	0
5865	1
5866	2
5867	0
5868	1
5869	0
5870	2
5871	0
5872	0
5873	0
5874	0
5875	1
5876	0
5877	1
5878	1
5879	0
5880	2
5881	0
5882	0
5883	0
5884	0
5885	0
5886	0
5887	1
5888	1
5889	0
5890	2
5891	3
5892	0
5893	0
5894	1
5895	0
5896	0
5897	0
5898	0
5899	0
5900	2
5901	0
5902	0
5903	2
5904	0
5905	1
5906	0
5907	2
5908	0
5909	1
5910	1
5911	1
5912	1
5913	0
5914	0
5915	0
5916	0
5917	1
5918	0
5919	1
5920	0
5921	1
5922	1
5923	1
5924	1
5925	1
5926	0
5927	3
5928	0
5929	2
5930	0
5931	0
5932	1
5933	1
5934	0
5935	0
5936	0
5937	0
5938	0
5939	0
5940	0
5941	2
5942	0
5943	0
5944	1
5945	1
5946	0
5947	1
5948	2
5949	1
5950	0
5951	0
5952	0
5953	2
5954	0
5955	1
5956	0
5957	0
5958	1
5959	0
5960	1
5961	0
5962	2
5963	1
5964	0
5965	0
5966	1
5967	1
5968	2
5969	0
5970	2
5971	1
5972	1
5973	2
5974	0
5975	2
5976	1
5977	0
5978	0
5979	0
5980	1
5981	2
5982	0
5983	1
5984	0
5985	0
5986	0
5987	0
5988	1
5989	1
5990	1
5991	1
5992	2
5993	1
5994	0
5995	0
5996	0
5997	1
5998	1
5999	0
6000	0
6001	1
6002	1
6003	1
6004	1
6005	0
6006	0
6007	0
6008	0
6009	0
6010	1
6011	1
6012	0
6013	0
6014	1
6015	0
6016	1
6017	0
6018	1
6019	0
6020	0
6021	0
6022	0
6023	0
6024	1
6025	0
6026	0
6027	0
6028	0
6029	1
6030	2
6031	0
6032	1
6033	1
6034	0
6035	0
6036	0
6037	1
6038	0
6039	2
6040	0
6041	1
6042	1
6043	2
6044	0
6045	0
6046	1
6047	3
6048	2
6049	0
6050	0
6051	1
6052	0
6053	1
6054	0
6055	0
6056	0
6057	1
6058	1
6059	0
6060	1
6061	1
6062	0
6063	1
6064	2
6065	0
6066	0
6067	3
6068	0
6069	1
6070	0
6071	1
6072	0
6073	0
6074	0
6075	3
6076	0
6077	0
6078	1
6079	1
6080	1
6081	0
6082	0
6083	2
6084	1
6085	0
6086	1
6087	1
6088	1
6089	1
6090	0
6091	0
6092	0
6093	0
6094	0
6095	1
6096	0
6097	1
6098	0
6099	0
6100	0
6101	1
6102	0
6103	1
6104	0
6105	0
6106	2
6107	1
6108	0
6109	0
6110	3
6111	1
6112	1
6113	0
6114	2
6115	0
6116	0
6117	2
6118	0
6119	0
6120	0
6121	0
6122	1
6123	1
6124	0
6125	0
6126	1
6127	0
6128	0
6129	0
6130	0
6131	1
6132	0
6133	0
6134	1
6135	0
6136	1
6137	0
6138	1
6139	2
6140	0
6141	0
6142	1
6143	0
6144	3
6145	0
6146	0
6147	2
6148	0
6149	0
6150	0
6151	0
6152	1
6153	2
6154	1
6155	0
6156	1
6157	0
6158	1
6159	1
6160	0
6161	0
6162	0
6163	0
6164	1
6165	1
6166	0
6167	1
6168	0
6169	0
6170	0
6171	0
6172	0
6173	1
6174	0
6175	2
6176	0
6177	1
6178	1
6179	2
6180	0
6181	1
6182	1
6183	0
6184	0
6185	1
6186	0
6187	0
6188	1
6189	0
6190	0
6191	0
6192	0
6193	0
6194	1
6195	1
6196	0
6197	0
6198	0
6199	0
6200	0
6201	1
6202	1
6203	1
6204	0
6205	1
6206	0
6207	2
6208	0
6209	0
6210	0
6211	1
6212	0
6213	0
6214	1
6215	0
6216	0
6217	0
6218	0
6219	1
6220	0
6221	0
6222	2
6223	0
6224	0
6225	0
6226	0
6227	0
6228	0
6229	0
6230	0
6231	0
6232	0
6233	1
6234	1
6235	0
6236	0
6237	0
6238	0
6239	1
6240	0
6241	0
6242	0
6243	0
6244	0
6245	0
6246	0
6247	0
6248	1
6249	0
6250	0
6251	1
6252	0
6253	0
6254	0
6255	1
6256	0
6257	1
6258	0
6259	1
6260	1
6261	0
6262	0
6263	0
6264	1
6265	1
6266	1
6267	0
6268	0
6269	0
6270	1
6271	0
6272	0
6273	0
6274	0
6275	0
6276	0
6277	0
6278	2
6279	0
6280	0
6281	0
6282	0
6283	0
6284	0
6285	0
6286	1
6287	1
6288	0
6289	0
6290	1
6291	1
6292	0
6293	0
6294	1
6295	1
6296	1
6297	0
6298	1
6299	0
6300	0
6301	0
6302	0
6303	0
6304	0
6305	0
6306	0
6307	0
6308	1
6309	0
6310	1
6311	0
6312	0
6313	0
6314	0
6315	0
6316	0
6317	1
6318	0
6319	0
6320	0
6321	0
6322	1
6323	1
6324	1
6325	1
6326	0
6327	0
6328	0
6329	0
6330	0
6331	0
6332	0
6333	1
6334	0
6335	1
6336	0
6337	0
6338	0
6339	0
6340	0
6341	0
6342	0
6343	0
6344	0
6345	0
6346	1
6347	0
6348	1
6349	0
6350	0
6351	0
6352	1
6353	0
6354	0
6355	0
6356	0
6357	0
6358	0
6359	0
6360	0
6361	1
6362	0
6363	1
6364	0
6365	0
6366	0
6367	0
6368	1
6369	0
6370	0
6371	0
6372	0
6373	2
6374	1
6375	0
6376	0
6377	0
6378	0
6379	1
6380	1
6381	0
6382	0
6383	1
6384	0
6385	0
6386	0
6387	1
6388	0
6389	1
6390	0
6391	0
6392	0
6393	1
6394	0
6395	2
6396	1
6397	0
6398	1
6399	0
6400	0
6401	0
6402	0
6403	0
6404	0
6405	1
6406	1
6407	0
6408	2
6409	0
6410	1
6411	0
6412	0
6413	0
6414	0
6415	1
6416	0
6417	0
6418	0
6419	0
6420	0
6421	1
6422	0
6423	0
6424	1
6425	0
6426	0
6427	1
6428	0
6429	0
6430	0
6431	0
6432	0
6433	0
6434	0
6435	0
6436	0
6437	0
6438	0
6439	0
6440	1
6441	0
6442	0
6443	0
6444	0
6445	1
6446	0
6447	0
6448	0
6449	0
6450	0
6451	0
6452	0
6453	0
6454	0
6455	0
6456	0
6457	0
6458	0
6459	1
6460	0
6461	0
6462	1
6463	1
6464	0
6465	0
6466	2
6467	0
6468	0
6469	0
6470	0
6471	0
6472	0
6473	0
6474	0
6475	1
6476	0
6477	1
6478	0
6479	0
6480	0
6481	0
6482	0
6483	0
6484	0
6485	0
6486	0
6487	0
6488	1
6489	0
6490	0
6491	0
6492	0
6493	0
6494	0
6495	0
6496	0
6497	1
6498	1
6499	0
6500	1
6501	0
6502	0
6503	0
6504	0
6505	0
6506	0
6507	0
6508	1
6509	2
6510	1
6511	0
6512	0
6513	0
6514	0
6515	0
6516	0
6517	1
6518	0
6519	0
6520	0
6521	2
6522	0
6523	0
6524	0
6525	0
6526	1
6527	0
6528	0
6529	0
6530	1
6531	0
6532	0
6533	0
6534	0
6535	0
6536	0
6537	0
6538	1
6539	0
6540	2
6541	0
6542	0
6543	0
6544	0
6545	1
6546	0
6547	0
6548	0
6549	1
6550	0
6551	0
6552	1
6553	0
6554	0
6555	1
6556	0
6557	1
6558	1
6559	1
6560	0
6561	0
6562	1
6563	1
6564	0
6565	0
6566	0
6567	0
6568	0
6569	1
6570	0
6571	1
6572	0
6573	1
6574	0
6575	0
6576	0
6577	0
6578	0
6579	1
6580	0
6581	0
6582	0
6583	0
6584	1
6585	1
6586	1
6587	1
6588	0
6589	1
6590	0
6591	0
6592	1
6593	0
6594	0
6595	0
6596	1
6597	0
6598	0
6599	1
6600	0
6601	0
6602	1
6603	1
6604	0
6605	0
6606	1
6607	0
6608	0
6609	2
6610	0
6611	0
6612	0
6613	0
6614	0
6615	0
6616	0
6617	0
6618	0
6619	1
6620	0
6621	0
6622	0
6623	0
6624	0
6625	2
6626	0
6627	0
6628	1
6629	2
6630	0
6631	0
6632	0
6633	1
6634	0
6635	0
6636	1
6637	0
6638	1
6639	0
6640	0
6641	0
6642	0
6643	0
6644	1
6645	0
6646	0
6647	1
6648	2
6649	1
6650	0
6651	0
6652	1
6653	0
6654	0
6655	0
6656	1
6657	0
6658	0
6659	0
6660	0
6661	1
6662	1
6663	0
6664	0
6665	0
6666	0
6667	0
6668	0
6669	1
6670	0
6671	0
6672	0
6673	1
6674	0
6675	0
6676	0
6677	2
6678	0
6679	0
6680	0
6681	0
6682	0
6683	0
6684	2
6685	0
6686	0
6687	0
6688	0
6689	0
6690	0
6691	0
6692	0
6693	0
6694	0
6695	1
6696	1
6697	1
6698	2
6699	1
6700	0
6701	0
6702	0
6703	0
6704	0
6705	0
6706	1
6707	0
6708	0
6709	0
6710	0
6711	0
6712	1
6713	0
6714	1
6715	1
6716	0
6717	0
6718	1
6719	0
6720	0
6721	2
6722	0
6723	1
6724	0
6725	0
6726	0
6727	0
6728	0
6729	0
6730	0
6731	0
6732	0
6733	0
6734	0
6735	0
6736	1
6737	0
6738	0
6739	0
6740	0
6741	0
6742	0
6743	2
6744	0
6745	1
6746	0
6747	0
6748	0
6749	0
6750	2
6751	0
6752	1
6753	1
6754	0
6755	0
6756	0
6757	2
6758	0
6759	0
6760	0
6761	0
6762	0
6763	1
6764	0
6765	1
6766	0
6767	2
6768	0
6769	1
6770	0
6771	1
6772	0
6773	1
6774	0
6775	1
6776	0
6777	0
6778	0
6779	0
6780	0
6781	1
6782	1
6783	0
6784	1
6785	2
6786	0
6787	1
6788	1
6789	0
6790	0
6791	0
6792	1
6793	0
6794	0
6795	0
6796	0
6797	0
6798	0
6799	1
6800	0
6801	0
6802	0
6803	0
6804	0
6805	1
6806	1
6807	1
6808	0
6809	1
6810	2
6811	1
6812	1
6813	1
6814	0
6815	0
6816	0
6817	0
6818	1
6819	0
6820	0
6821	0
6822	0
6823	1
6824	1
6825	0
6826	0
6827	1
6828	0
6829	0
6830	1
6831	0
6832	0
6833	1
6834	2
6835	0
6836	0
6837	0
6838	0
6839	0
6840	0
6841	1
6842	0
6843	0
6844	1
6845	0
6846	0
6847	1
6848	0
6849	0
6850	0
6851	1
6852	0
6853	0
6854	0
6855	1
6856	0
6857	0
6858	0
6859	1
6860	0
6861	0
6862	1
6863	0
6864	0
6865	0
6866	0
6867	0
6868	1
6869	1
6870	0
6871	0
6872	1
6873	1
6874	0
6875	0
6876	0
6877	0
6878	0
6879	1
6880	0
6881	0
6882	0
6883	1
6884	0
6885	0
6886	0
6887	0
6888	0
6889	0
6890	1
6891	1
6892	0
6893	0
6894	0
6895	1
6896	0
6897	0
6898	1
6899	0
6900	2
6901	2
6902	0
6903	0
6904	2
6905	0
6906	2
6907	0
6908	0
6909	0
6910	1
6911	0
6912	2
6913	4
6914	1
6915	1
6916	0
6917	1
6918	0
6919	1
6920	1
6921	1
6922	0
6923	0
6924	1
6925	3
6926	2
6927	0
6928	0
6929	1
6930	1
6931	0
6932	0
6933	0
6934	0
6935	1
6936	1
6937	0
6938	0
6939	0
6940	0
6941	1
6942	1
6943	1
6944	1
6945	2
6946	0
6947	2
6948	0
6949	1
6950	0
6951	0
6952	0
6953	0
6954	1
6955	1
6956	0
6957	2
6958	0
6959	0
6960	1
6961	2
6962	0
6963	0
6964	1
6965	0
6966	1
6967	0
6968	1
6969	0
6970	0
6971	0
6972	1
6973	0
6974	0
6975	1
6976	2
6977	1
6978	2
6979	2
6980	0
6981	2
6982	0
6983	0
6984	1
6985	0
6986	0
6987	1
6988	1
6989	1
6990	1
6991	1
6992	0
6993	1
6994	2
6995	0
6996	0
6997	1
6998	1
6999	2
7000	0
7001	0
7002	1
7003	5
7004	1
7005	2
7006	1
7007	1
7008	1
7009	1
7010	2
7011	0
7012	0
7013	2
7014	0
7015	0
7016	2
7017	0
7018	1
7019	0
7020	0
7021	0
7022	1
7023	3
7024	1
7025	4
7026	1
7027	2
7028	4
7029	1
7030	4
7031	0
7032	3
7033	1
7034	0
7035	1
7036	1
7037	2
7038	1
7039	1
7040	1
7041	0
7042	0
7043	1
7044	2
7045	1
7046	1
7047	0
7048	0
7049	0
7050	0
7051	4
7052	1
7053	2
7054	1
7055	1
7056	1
7057	0
7058	2
7059	1
7060	1
7061	1
7062	1
7063	0
7064	2
7065	0
7066	1
7067	0
7068	0
7069	0
7070	0
7071	0
7072	0
7073	0
7074	0
7075	0
7076	0
7077	0
7078	1
7079	0
7080	0
7081	0
7082	0
7083	0
7084	0
7085	0
7086	1
7087	2
7088	2
7089	1
7090	2
7091	0
7092	1
7093	1
7094	0
7095	0
7096	0
7097	0
7098	2
7099	0
7100	0
7101	1
7102	0
7103	1
7104	0
7105	2
7106	1
7107	0
7108	1
7109	0
7110	2
7111	2
7112	1
7113	0
7114	2
7115	0
7116	0
7117	0
7118	1
7119	2
7120	0
7121	0
7122	0
7123	0
7124	4
7125	0
7126	1
7127	0
7128	0
7129	0
7130	0
7131	0
7132	1
7133	0
7134	0
7135	0
7136	1
7137	1
7138	1
7139	0
7140	0
7141	0
7142	0
7143	1
7144	0
7145	0
7146	1
7147	1
7148	0
7149	0
7150	1
7151	2
7152	1
7153	1
7154	2
7155	0
7156	0
7157	0
7158	0
7159	1
7160	0
7161	0
7162	0
7163	0
7164	0
7165	0
7166	0
7167	1
7168	1
7169	1
7170	0
7171	0
7172	0
7173	1
7174	1
7175	1
7176	0
7177	0
7178	0
7179	1
7180	3
7181	0
7182	0
7183	0
7184	0
7185	0
7186	0
7187	0
7188	1
7189	0
7190	0
7191	0
7192	1
7193	0
7194	0
7195	0
7196	0
7197	1
7198	0
7199	0
7200	0
7201	0
7202	0
7203	1
7204	1
7205	0
7206	0
7207	0
7208	2
7209	0
7210	0
7211	0
7212	0
7213	0
7214	0
7215	1
7216	0
7217	1
7218	1
7219	0
7220	0
7221	0
7222	2
7223	1
7224	0
7225	0
7226	0
7227	0
7228	1
7229	0
7230	0
7231	1
7232	0
7233	0
7234	0
7235	0
7236	0
7237	1
7238	0
7239	0
7240	0
7241	0
7242	0
7243	0
7244	0
7245	1
7246	0
7247	0
7248	1
7249	1
7250	0
7251	0
7252	0
7253	1
7254	0
7255	0
7256	1
7257	1
7258	1
7259	0
7260	0
7261	0
7262	1
7263	0
7264	0
7265	2
7266	0
7267	1
7268	0
7269	0
7270	0
7271	0
7272	1
7273	0
7274	0
7275	0
7276	0
7277	0
7278	0
7279	0
7280	0
7281	0
7282	0
7283	0
7284	0
7285	0
7286	1
7287	0
7288	0
7289	0
7290	0
7291	0
7292	0
7293	0
7294	0
7295	0
7296	0
7297	0
7298	0
7299	0
7300	0
7301	0
7302	0
7303	0
7304	0
7305	0
7306	0
7307	0
7308	0
7309	0
7310	0
7311	0
7312	0
7313	0
7314	0
7315	0
7316	0
7317	0
7318	0
7319	0
7320	0
7321	0
7322	0
7323	0
7324	1
7325	0
7326	0
7327	0
7328	0
7329	0
7330	1
7331	0
7332	0
7333	0
7334	0
7335	0
7336	1
7337	0
7338	1
7339	0
7340	0
7341	0
7342	0
7343	0
7344	0
7345	0
7346	0
7347	0
7348	1
7349	0
7350	0
7351	0
7352	0
7353	0
7354	0
7355	0
7356	0
7357	0
7358	0
7359	0
7360	0
7361	0
7362	0
7363	0
7364	0
7365	0
7366	0
7367	0
7368	0
7369	0
7370	0
7371	0
7372	0
7373	0
7374	0
7375	0
7376	0
7377	0
7378	0
7379	0
7380	0
7381	0
7382	0
7383	0
7384	0
7385	0
7386	0
7387	0
7388	0
7389	0
7390	0
7391	0
7392	0
7393	0
7394	0
7395	0
7396	0
7397	0
7398	0
7399	0
7400	1
7401	0
7402	0
7403	0
7404	0
7405	0
7406	0
7407	0
7408	0
7409	0
7410	0
7411	0
7412	0
7413	0
7414	1
7415	0
7416	0
7417	0
7418	0
7419	0
7420	0
7421	0
7422	0
7423	0
7424	0
7425	0
7426	0
7427	0
7428	0
7429	0
7430	0
7431	0
7432	0
7433	0
7434	0
7435	0
7436	0
7437	0
7438	0
7439	0
7440	0
7441	0
7442	0
7443	0
7444	0
7445	0
7446	0
7447	0
7448	0
7449	0
7450	0
7451	0
7452	0
7453	0
7454	0
7455	0
7456	0
7457	0
7458	0
7459	0
7460	0
7461	0
7462	0
7463	0
7464	0
7465	0
7466	0
7467	0
7468	0
7469	0
7470	0
7471	0
7472	0
7473	0
7474	0
7475	0
7476	0
7477	0
7478	0
7479	0
7480	0
7481	0
7482	0
7483	0
7484	0
7485	0
7486	0
7487	0
7488	0
7489	0
7490	0
7491	0
7492	0
7493	0
7494	0
7495	0
7496	0
7497	0
7498	0
7499	0
7500	0
7501	0
7502	0
7503	0
7504	0
7505	0
7506	0
7507	0
7508	0
7509	0
7510	0
7511	0
7512	0
7513	0
7514	0
7515	0
7516	0
7517	0
7518	0
7519	0
7520	0
7521	0
7522	0
7523	0
7524	0
7525	0
7526	0
7527	0
7528	0
7529	0
7530	0
7531	0
7532	0
7533	1
7534	0
7535	0
7536	0
7537	0
7538	0
7539	0
7540	0
7541	0
7542	0
7543	0
7544	0
7545	0
7546	0
7547	0
7548	0
7549	0
7550	0
7551	0
7552	0
7553	0
7554	0
7555	0
7556	0
7557	0
7558	0
7559	0
7560	0
7561	0
7562	0
7563	0
7564	0
7565	0
7566	0
7567	0
7568	0
7569	0
7570	0
7571	0
7572	0
7573	0
7574	0
7575	0
7576	1
7577	0
7578	0
7579	0
7580	0
7581	0
7582	0
7583	0
7584	0
7585	0
7586	0
7587	0
7588	0
7589	0
7590	0
7591	0
7592	0
7593	0
7594	0
7595	1
7596	0
7597	0
7598	0
7599	0
7600	0
7601	0
7602	0
7603	0
7604	0
7605	0
7606	0
7607	0
7608	0
7609	0
7610	0
7611	0
7612	0
7613	0
7614	0
7615	0
7616	0
7617	0
7618	0
7619	0
7620	0
7621	0
7622	0
7623	0
7624	0
7625	0
7626	0
7627	0
7628	0
7629	0
7630	0
7631	0
7632	0
7633	0
7634	0
7635	0
7636	0
7637	0
7638	0
7639	0
7640	0
7641	0
7642	0
7643	0
7644	0
7645	0
7646	0
7647	0
7648	0
7649	0
7650	0
7651	0
7652	0
7653	0
7654	0
7655	0
7656	0
7657	0
7658	0
7659	0
7660	0
7661	0
7662	0
7663	0
7664	0
7665	0
7666	0
7667	1
7668	0
7669	0
7670	0
7671	0
7672	0
7673	0
7674	0
7675	0
7676	0
7677	0
7678	0
7679	0
7680	0
7681	0
7682	0
7683	0
7684	0
7685	1
7686	0
7687	0
7688	0
7689	0
7690	0
7691	0
7692	0
7693	0
7694	0
7695	0
7696	0
7697	0
7698	0
7699	0
7700	0
7701	0
7702	0
7703	0
7704	0
7705	0
7706	0
7707	0
7708	0
7709	0
7710	0
7711	0
7712	0
7713	0
7714	0
7715	0
7716	0
7717	0
7718	0
7719	0
7720	0
7721	0
7722	0
7723	0
7724	0
7725	0
7726	0
7727	0
7728	0
7729	0
7730	0
7731	0
7732	0
7733	0
7734	0
7735	0
7736	0
7737	0
7738	0
7739	0
7740	0
7741	0
7742	0
7743	0
7744	0
7745	0
7746	0
7747	0
7748	0
7749	0
7750	0
7751	0
7752	0
7753	0
7754	0
7755	0
7756	0
7757	0
7758	0
7759	0
7760	0
7761	0
7762	0
7763	0
7764	0
7765	0
7766	0
7767	0
7768	0
7769	0
7770	0
7771	0
7772	0
7773	0
7774	0
7775	0
7776	0
7777	0
7778	0
7779	0
7780	0
7781	0
7782	0
7783	0
7784	0
7785	0
7786	0
7787	0
7788	0
7789	0
7790	0
7791	0
7792	0
7793	0
7794	1
7795	0
7796	0
7797	0
7798	0
7799	0
7800	0
7801	0
7802	0
7803	0
7804	0
7805	0
7806	0
7807	0
7808	0
7809	0
7810	0
7811	0
7812	0
7813	0
7814	0
7815	0
7816	0
7817	0
7818	0
7819	0
7820	0
7821	0
7822	0
7823	0
7824	0
7825	0
7826	0
7827	0
7828	0
7829	0
7830	0
7831	0
7832	0
7833	0
7834	0
7835	0
7836	0
7837	0
7838	0
7839	0
7840	0
7841	0
7842	0
7843	0
7844	0
7845	0
7846	0
7847	0
7848	0
7849	0
7850	0
7851	0
7852	0
7853	0
7854	0
7855	0
7856	0
7857	0
7858	0
7859	0
7860	0
7861	0
7862	0
7863	0
7864	0
7865	0
7866	0
7867	0
7868	0
7869	0
7870	0
7871	0
7872	0
7873	0
7874	0
7875	0
7876	0
7877	0
7878	0
7879	0
7880	0
7881	0
7882	0
7883	0
7884	0
7885	0
7886	0
7887	0
7888	0
7889	0
7890	0
7891	0
7892	0
7893	0
7894	0
7895	0
7896	0
7897	0
7898	0
7899	0
7900	0
7901	0
7902	0
7903	0
7904	0
7905	0
7906	0
7907	0
7908	0
7909	0
7910	0
7911	0
7912	0
7913	0
7914	0
7915	0
7916	0
7917	0
7918	0
7919	0
7920	0
7921	0
7922	0
7923	0
7924	0
7925	0
7926	0
7927	0
7928	0
7929	0
7930	0
7931	0
7932	0
7933	0
7934	0
7935	0
7936	0
7937	0
7938	0
7939	0
7940	0
7941	0
7942	0
7943	0
7944	0
7945	0
7946	0
7947	0
7948	0
7949	0
7950	0
7951	0
7952	0
7953	0
7954	0
7955	0
7956	0
7957	0
7958	0
7959	0
7960	0
7961	0
7962	0
7963	0
7964	0
7965	0
7966	0
7967	0
7968	0
7969	0
7970	0
7971	0
7972	0
7973	0
7974	1
7975	0
7976	0
7977	0
7978	0
7979	0
7980	0
7981	0
7982	0
7983	0
7984	0
7985	0
7986	0
7987	0
7988	0
7989	0
7990	0
7991	0
7992	0
7993	0
7994	0
7995	0
7996	0
7997	0
7998	0
7999	0
8000	0
8001	0
8002	0
8003	0
8004	0
8005	0
8006	0
8007	0
8008	0
8009	0
8010	0
8011	0
8012	0
8013	0
8014	0
8015	0
8016	0
8017	0
8018	0
8019	0
8020	0
8021	0
8022	0
8023	0
8024	0
8025	0
8026	0
8027	0
8028	0
8029	0
8030	0
8031	0
8032	0
8033	0
8034	0
8035	0
8036	0
8037	0
8038	0
8039	0
8040	0
8041	0
8042	0
8043	0
8044	0
8045	0
8046	0
8047	0
8048	0
8049	0
8050	0
8051	0
8052	0
8053	0
8054	0
8055	1
8056	0
8057	0
8058	0
8059	1
8060	0
8061	0
8062	0
8063	0
8064	0
8065	0
8066	0
8067	0
8068	0
8069	0
8070	0
8071	0
8072	0
8073	0
8074	0
8075	0
8076	0
8077	0
8078	0
8079	0
8080	0
8081	0
8082	0
8083	0
8084	0
8085	0
8086	0
8087	0
8088	0
8089	0
8090	0
8091	0
8092	0
8093	0
8094	0
8095	0
8096	0
8097	0
8098	0
8099	0
8100	0
8101	0
8102	0
8103	0
8104	0
8105	0
8106	0
8107	0
8108	0
8109	0
8110	0
8111	1
8112	0
8113	0
8114	0
8115	0
8116	0
8117	0
8118	0
8119	0
8120	0
8121	0
8122	0
8123	0
8124	0
8125	0
8126	0
8127	0
8128	0
8129	0
8130	0
8131	0
8132	0
8133	0
8134	0
8135	0
8136	0
8137	0
8138	0
8139	0
8140	0
8141	0
8142	0
8143	0
8144	0
8145	0
8146	0
8147	0
8148	0
8149	0
8150	0
8151	0
8152	0
8153	0
8154	0
8155	0
8156	0
8157	0
8158	0
8159	0
8160	0
8161	0
8162	0
8163	0
8164	0
8165	0
8166	0
8167	0
8168	0
8169	0
8170	0
8171	0
8172	0
8173	0
8174	0
8175	0
8176	0
8177	0
8178	0
8179	0
8180	0
8181	0
8182	0
8183	0
8184	0
8185	0
8186	0
8187	0
8188	0
8189	0
8190	0
8191	0
