Filename:  live_data.mca
Description:  
TimeStamp:  04/14/2023 14:16:27
Spectral Data Information
Channel	Data
0	0
1	0
2	0
3	0
4	0
5	0
6	0
7	0
8	0
9	0
10	0
11	0
12	0
13	0
14	0
15	0
16	0
17	0
18	0
19	0
20	0
21	0
22	0
23	0
24	0
25	0
26	0
27	0
28	0
29	0
30	0
31	0
32	0
33	0
34	0
35	0
36	0
37	0
38	0
39	0
40	0
41	0
42	0
43	0
44	0
45	0
46	0
47	0
48	0
49	0
50	0
51	0
52	0
53	0
54	0
55	0
56	0
57	0
58	0
59	0
60	0
61	0
62	0
63	0
64	0
65	0
66	0
67	0
68	0
69	0
70	0
71	0
72	0
73	0
74	0
75	0
76	0
77	0
78	0
79	0
80	0
81	0
82	0
83	0
84	0
85	0
86	0
87	0
88	0
89	0
90	0
91	0
92	0
93	0
94	0
95	0
96	0
97	0
98	0
99	0
100	0
101	0
102	0
103	0
104	0
105	0
106	0
107	0
108	0
109	0
110	0
111	0
112	0
113	0
114	0
115	0
116	0
117	0
118	0
119	0
120	0
121	0
122	0
123	0
124	0
125	0
126	0
127	0
128	0
129	0
130	0
131	0
132	0
133	0
134	0
135	0
136	0
137	0
138	0
139	0
140	0
141	0
142	0
143	0
144	0
145	0
146	0
147	0
148	0
149	0
150	0
151	0
152	0
153	0
154	0
155	0
156	0
157	0
158	0
159	0
160	0
161	0
162	0
163	0
164	0
165	0
166	0
167	0
168	0
169	0
170	0
171	0
172	0
173	0
174	0
175	0
176	0
177	0
178	0
179	0
180	0
181	0
182	0
183	0
184	0
185	0
186	0
187	0
188	0
189	0
190	0
191	0
192	0
193	0
194	0
195	0
196	0
197	0
198	0
199	0
200	0
201	0
202	0
203	0
204	0
205	0
206	0
207	0
208	0
209	0
210	0
211	0
212	0
213	0
214	0
215	0
216	0
217	0
218	0
219	0
220	0
221	0
222	0
223	0
224	0
225	0
226	0
227	0
228	0
229	0
230	0
231	0
232	0
233	0
234	0
235	0
236	0
237	0
238	0
239	0
240	0
241	0
242	0
243	0
244	0
245	0
246	0
247	0
248	0
249	0
250	0
251	0
252	0
253	0
254	0
255	0
256	0
257	0
258	0
259	0
260	0
261	0
262	0
263	0
264	0
265	0
266	0
267	0
268	0
269	0
270	0
271	0
272	0
273	0
274	0
275	0
276	0
277	0
278	0
279	0
280	0
281	0
282	0
283	0
284	0
285	0
286	0
287	0
288	0
289	0
290	0
291	0
292	0
293	0
294	0
295	0
296	0
297	0
298	0
299	0
300	0
301	0
302	0
303	0
304	0
305	0
306	0
307	0
308	0
309	0
310	0
311	0
312	0
313	0
314	0
315	0
316	0
317	0
318	0
319	0
320	0
321	0
322	0
323	0
324	0
325	0
326	0
327	0
328	0
329	0
330	0
331	0
332	0
333	0
334	0
335	0
336	0
337	0
338	0
339	0
340	0
341	0
342	0
343	0
344	0
345	0
346	0
347	0
348	0
349	0
350	0
351	0
352	0
353	0
354	0
355	0
356	0
357	0
358	0
359	0
360	0
361	0
362	0
363	0
364	0
365	0
366	0
367	0
368	0
369	0
370	0
371	0
372	0
373	0
374	0
375	0
376	0
377	0
378	0
379	0
380	0
381	0
382	0
383	0
384	0
385	0
386	0
387	0
388	0
389	0
390	0
391	0
392	0
393	0
394	0
395	0
396	0
397	0
398	0
399	0
400	0
401	0
402	0
403	0
404	0
405	0
406	0
407	0
408	0
409	0
410	0
411	0
412	0
413	0
414	0
415	0
416	0
417	0
418	0
419	0
420	0
421	0
422	0
423	0
424	0
425	0
426	0
427	0
428	0
429	0
430	0
431	0
432	0
433	0
434	0
435	0
436	0
437	0
438	0
439	0
440	0
441	0
442	0
443	0
444	0
445	0
446	0
447	0
448	0
449	0
450	0
451	0
452	0
453	0
454	0
455	0
456	0
457	0
458	0
459	0
460	0
461	0
462	0
463	0
464	0
465	0
466	0
467	0
468	0
469	0
470	0
471	0
472	0
473	0
474	0
475	0
476	0
477	0
478	0
479	0
480	0
481	0
482	0
483	0
484	0
485	0
486	0
487	0
488	0
489	0
490	0
491	0
492	0
493	0
494	0
495	0
496	0
497	0
498	0
499	0
500	0
501	0
502	0
503	0
504	0
505	0
506	0
507	0
508	0
509	0
510	0
511	0
512	0
513	0
514	0
515	0
516	0
517	0
518	0
519	1
520	8
521	86
522	615
523	3342
524	11442
525	22646
526	27704
527	22588
528	12964
529	5683
530	1965
531	645
532	347
533	264
534	229
535	201
536	239
537	229
538	211
539	264
540	250
541	229
542	267
543	226
544	249
545	237
546	242
547	254
548	250
549	252
550	274
551	257
552	267
553	281
554	268
555	268
556	233
557	279
558	304
559	317
560	271
561	300
562	304
563	324
564	333
565	343
566	338
567	363
568	351
569	370
570	362
571	353
572	373
573	334
574	398
575	380
576	427
577	411
578	416
579	409
580	415
581	417
582	422
583	415
584	430
585	429
586	416
587	406
588	430
589	416
590	423
591	419
592	433
593	399
594	405
595	438
596	430
597	409
598	463
599	438
600	444
601	436
602	440
603	468
604	493
605	448
606	437
607	425
608	443
609	434
610	468
611	482
612	471
613	451
614	450
615	499
616	482
617	504
618	500
619	509
620	507
621	515
622	539
623	527
624	540
625	490
626	561
627	574
628	570
629	551
630	576
631	596
632	576
633	614
634	629
635	602
636	652
637	575
638	655
639	660
640	685
641	681
642	667
643	678
644	695
645	663
646	752
647	797
648	774
649	771
650	787
651	782
652	784
653	799
654	836
655	921
656	876
657	915
658	919
659	907
660	900
661	974
662	1008
663	987
664	1050
665	1053
666	1102
667	1155
668	1100
669	1120
670	1118
671	1094
672	1174
673	1167
674	1234
675	1237
676	1241
677	1319
678	1306
679	1329
680	1312
681	1365
682	1352
683	1478
684	1488
685	1483
686	1472
687	1538
688	1473
689	1508
690	1512
691	1537
692	1591
693	1604
694	1600
695	1639
696	1610
697	1687
698	1776
699	1684
700	1737
701	1791
702	1738
703	1826
704	1774
705	1803
706	1863
707	1920
708	1824
709	1873
710	1898
711	1907
712	1857
713	1878
714	1809
715	1858
716	1893
717	1976
718	1920
719	1900
720	1986
721	1822
722	1904
723	1897
724	2021
725	1923
726	1966
727	1933
728	1952
729	1921
730	1941
731	1970
732	2011
733	1937
734	2008
735	1960
736	2006
737	2016
738	1984
739	1964
740	2000
741	1971
742	2009
743	2013
744	1989
745	2026
746	1985
747	1926
748	1914
749	1984
750	1971
751	1956
752	1942
753	1985
754	1897
755	2007
756	2030
757	1960
758	1934
759	1990
760	1963
761	1918
762	1932
763	1912
764	1969
765	1920
766	2022
767	1940
768	1951
769	1932
770	1872
771	1873
772	1875
773	1865
774	1849
775	1811
776	1975
777	1851
778	1933
779	1887
780	1859
781	1899
782	1907
783	1859
784	1849
785	1957
786	1888
787	1909
788	1950
789	1862
790	1848
791	1859
792	1860
793	1849
794	1922
795	1880
796	1982
797	1831
798	1926
799	1841
800	1818
801	1861
802	1778
803	1818
804	1869
805	1886
806	1862
807	1807
808	1722
809	1674
810	1816
811	1869
812	1841
813	1755
814	1873
815	1842
816	1852
817	1846
818	1808
819	1796
820	1826
821	1841
822	1748
823	1765
824	1756
825	1759
826	1716
827	1661
828	1775
829	1780
830	1845
831	1743
832	1688
833	1642
834	1715
835	1765
836	1639
837	1718
838	1707
839	1698
840	1714
841	1716
842	1759
843	1744
844	1684
845	1723
846	1726
847	1723
848	1698
849	1713
850	1630
851	1657
852	1712
853	1683
854	1651
855	1750
856	1625
857	1627
858	1672
859	1624
860	1680
861	1680
862	1596
863	1596
864	1587
865	1624
866	1557
867	1626
868	1584
869	1601
870	1576
871	1612
872	1562
873	1584
874	1566
875	1598
876	1508
877	1539
878	1510
879	1542
880	1565
881	1534
882	1472
883	1495
884	1519
885	1426
886	1506
887	1488
888	1443
889	1472
890	1482
891	1447
892	1444
893	1421
894	1502
895	1417
896	1408
897	1439
898	1416
899	1441
900	1408
901	1411
902	1378
903	1381
904	1414
905	1421
906	1348
907	1362
908	1371
909	1430
910	1361
911	1328
912	1349
913	1327
914	1429
915	1310
916	1367
917	1374
918	1404
919	1364
920	1298
921	1282
922	1310
923	1307
924	1291
925	1293
926	1252
927	1325
928	1262
929	1257
930	1258
931	1286
932	1266
933	1251
934	1310
935	1216
936	1239
937	1196
938	1190
939	1243
940	1267
941	1208
942	1266
943	1227
944	1279
945	1232
946	1305
947	1196
948	1249
949	1238
950	1179
951	1173
952	1162
953	1211
954	1261
955	1183
956	1184
957	1201
958	1204
959	1205
960	1179
961	1170
962	1116
963	1194
964	1164
965	1150
966	1188
967	1122
968	1077
969	1132
970	1125
971	1126
972	1064
973	1160
974	1129
975	1174
976	1148
977	1110
978	1081
979	1090
980	1119
981	1125
982	1113
983	1133
984	1117
985	1078
986	1106
987	1057
988	1074
989	1071
990	1054
991	1073
992	1087
993	1127
994	1030
995	1028
996	1014
997	1075
998	1066
999	1032
1000	1088
1001	1028
1002	1005
1003	1016
1004	1058
1005	965
1006	1036
1007	1010
1008	984
1009	985
1010	1024
1011	940
1012	1013
1013	1086
1014	1019
1015	994
1016	942
1017	947
1018	960
1019	961
1020	993
1021	918
1022	973
1023	1012
1024	996
1025	973
1026	977
1027	948
1028	957
1029	934
1030	984
1031	943
1032	913
1033	941
1034	890
1035	873
1036	929
1037	934
1038	970
1039	942
1040	945
1041	917
1042	945
1043	941
1044	944
1045	879
1046	1011
1047	904
1048	901
1049	929
1050	889
1051	941
1052	892
1053	864
1054	911
1055	928
1056	931
1057	924
1058	919
1059	916
1060	824
1061	896
1062	914
1063	891
1064	872
1065	919
1066	848
1067	884
1068	872
1069	847
1070	897
1071	929
1072	888
1073	872
1074	891
1075	886
1076	894
1077	901
1078	855
1079	846
1080	880
1081	862
1082	931
1083	884
1084	878
1085	859
1086	838
1087	871
1088	891
1089	920
1090	893
1091	854
1092	918
1093	858
1094	857
1095	906
1096	888
1097	840
1098	856
1099	887
1100	862
1101	856
1102	841
1103	873
1104	887
1105	860
1106	841
1107	856
1108	856
1109	855
1110	862
1111	813
1112	836
1113	803
1114	812
1115	824
1116	837
1117	774
1118	852
1119	801
1120	772
1121	788
1122	763
1123	735
1124	742
1125	735
1126	739
1127	714
1128	700
1129	796
1130	705
1131	754
1132	714
1133	726
1134	738
1135	731
1136	731
1137	677
1138	730
1139	716
1140	669
1141	723
1142	669
1143	623
1144	616
1145	692
1146	659
1147	664
1148	676
1149	663
1150	639
1151	643
1152	635
1153	615
1154	596
1155	616
1156	664
1157	647
1158	658
1159	642
1160	602
1161	591
1162	658
1163	565
1164	613
1165	600
1166	626
1167	595
1168	602
1169	578
1170	589
1171	617
1172	546
1173	586
1174	598
1175	564
1176	625
1177	577
1178	557
1179	579
1180	624
1181	576
1182	592
1183	604
1184	602
1185	565
1186	551
1187	575
1188	578
1189	530
1190	558
1191	575
1192	577
1193	552
1194	555
1195	558
1196	571
1197	551
1198	552
1199	591
1200	602
1201	550
1202	563
1203	562
1204	538
1205	548
1206	559
1207	524
1208	530
1209	566
1210	537
1211	528
1212	591
1213	515
1214	523
1215	545
1216	569
1217	557
1218	570
1219	564
1220	580
1221	512
1222	584
1223	527
1224	559
1225	546
1226	527
1227	522
1228	535
1229	517
1230	570
1231	527
1232	525
1233	512
1234	523
1235	505
1236	492
1237	526
1238	532
1239	534
1240	508
1241	543
1242	503
1243	541
1244	498
1245	496
1246	518
1247	475
1248	523
1249	534
1250	534
1251	517
1252	497
1253	500
1254	511
1255	500
1256	501
1257	496
1258	487
1259	544
1260	440
1261	476
1262	465
1263	447
1264	480
1265	522
1266	464
1267	471
1268	441
1269	474
1270	467
1271	481
1272	424
1273	435
1274	446
1275	483
1276	446
1277	501
1278	441
1279	442
1280	400
1281	439
1282	429
1283	430
1284	450
1285	404
1286	443
1287	400
1288	404
1289	439
1290	443
1291	419
1292	430
1293	423
1294	442
1295	399
1296	414
1297	411
1298	408
1299	430
1300	435
1301	453
1302	385
1303	409
1304	372
1305	433
1306	416
1307	408
1308	415
1309	410
1310	398
1311	428
1312	410
1313	418
1314	389
1315	449
1316	411
1317	395
1318	374
1319	413
1320	412
1321	399
1322	402
1323	392
1324	456
1325	412
1326	438
1327	422
1328	417
1329	418
1330	407
1331	405
1332	403
1333	415
1334	427
1335	422
1336	428
1337	458
1338	436
1339	407
1340	463
1341	443
1342	459
1343	433
1344	434
1345	424
1346	415
1347	414
1348	456
1349	396
1350	433
1351	432
1352	413
1353	436
1354	429
1355	446
1356	426
1357	421
1358	455
1359	399
1360	464
1361	423
1362	444
1363	431
1364	437
1365	392
1366	424
1367	456
1368	438
1369	388
1370	404
1371	452
1372	429
1373	393
1374	419
1375	422
1376	387
1377	408
1378	422
1379	401
1380	381
1381	446
1382	391
1383	419
1384	406
1385	372
1386	387
1387	415
1388	395
1389	352
1390	356
1391	375
1392	368
1393	368
1394	437
1395	381
1396	359
1397	352
1398	389
1399	374
1400	335
1401	393
1402	390
1403	386
1404	331
1405	326
1406	368
1407	337
1408	372
1409	348
1410	352
1411	333
1412	344
1413	340
1414	293
1415	312
1416	326
1417	325
1418	316
1419	312
1420	297
1421	303
1422	321
1423	297
1424	315
1425	301
1426	291
1427	313
1428	278
1429	317
1430	315
1431	256
1432	305
1433	271
1434	264
1435	296
1436	279
1437	297
1438	290
1439	300
1440	275
1441	246
1442	266
1443	279
1444	297
1445	280
1446	231
1447	269
1448	230
1449	236
1450	243
1451	262
1452	260
1453	269
1454	259
1455	241
1456	272
1457	265
1458	257
1459	264
1460	254
1461	278
1462	252
1463	216
1464	251
1465	250
1466	265
1467	274
1468	229
1469	265
1470	270
1471	219
1472	252
1473	232
1474	256
1475	217
1476	239
1477	243
1478	233
1479	257
1480	236
1481	255
1482	253
1483	221
1484	260
1485	222
1486	234
1487	253
1488	208
1489	249
1490	236
1491	200
1492	245
1493	248
1494	260
1495	225
1496	256
1497	221
1498	202
1499	247
1500	242
1501	226
1502	219
1503	214
1504	236
1505	221
1506	246
1507	235
1508	216
1509	229
1510	228
1511	226
1512	228
1513	227
1514	236
1515	203
1516	239
1517	238
1518	227
1519	228
1520	200
1521	238
1522	232
1523	225
1524	216
1525	213
1526	221
1527	198
1528	217
1529	215
1530	217
1531	195
1532	187
1533	207
1534	220
1535	191
1536	227
1537	222
1538	201
1539	210
1540	200
1541	222
1542	216
1543	204
1544	226
1545	226
1546	204
1547	187
1548	217
1549	188
1550	199
1551	189
1552	223
1553	209
1554	200
1555	213
1556	207
1557	189
1558	206
1559	214
1560	201
1561	213
1562	224
1563	192
1564	191
1565	198
1566	197
1567	186
1568	204
1569	190
1570	225
1571	197
1572	199
1573	207
1574	182
1575	188
1576	208
1577	221
1578	186
1579	195
1580	224
1581	188
1582	187
1583	183
1584	196
1585	191
1586	198
1587	191
1588	192
1589	192
1590	197
1591	196
1592	198
1593	215
1594	183
1595	191
1596	193
1597	197
1598	188
1599	175
1600	186
1601	203
1602	183
1603	195
1604	187
1605	179
1606	201
1607	199
1608	192
1609	202
1610	187
1611	176
1612	163
1613	204
1614	172
1615	173
1616	166
1617	173
1618	215
1619	187
1620	205
1621	205
1622	202
1623	163
1624	159
1625	194
1626	185
1627	179
1628	215
1629	181
1630	183
1631	183
1632	175
1633	184
1634	188
1635	171
1636	190
1637	174
1638	192
1639	172
1640	207
1641	169
1642	187
1643	167
1644	153
1645	180
1646	165
1647	179
1648	183
1649	158
1650	186
1651	182
1652	162
1653	160
1654	196
1655	178
1656	188
1657	199
1658	168
1659	169
1660	167
1661	177
1662	170
1663	206
1664	166
1665	174
1666	187
1667	186
1668	169
1669	170
1670	164
1671	187
1672	182
1673	170
1674	181
1675	170
1676	182
1677	145
1678	171
1679	171
1680	155
1681	179
1682	168
1683	189
1684	182
1685	157
1686	179
1687	172
1688	207
1689	168
1690	173
1691	185
1692	152
1693	169
1694	187
1695	147
1696	195
1697	164
1698	175
1699	202
1700	165
1701	161
1702	173
1703	183
1704	172
1705	181
1706	164
1707	161
1708	149
1709	174
1710	148
1711	162
1712	192
1713	190
1714	176
1715	164
1716	167
1717	149
1718	173
1719	159
1720	177
1721	144
1722	169
1723	190
1724	171
1725	189
1726	170
1727	158
1728	171
1729	138
1730	143
1731	188
1732	157
1733	189
1734	174
1735	171
1736	201
1737	149
1738	150
1739	176
1740	172
1741	142
1742	161
1743	165
1744	147
1745	183
1746	181
1747	173
1748	184
1749	159
1750	166
1751	171
1752	148
1753	168
1754	154
1755	166
1756	144
1757	176
1758	174
1759	182
1760	162
1761	150
1762	167
1763	188
1764	184
1765	179
1766	171
1767	174
1768	182
1769	184
1770	160
1771	169
1772	203
1773	159
1774	162
1775	196
1776	169
1777	171
1778	186
1779	163
1780	168
1781	162
1782	160
1783	165
1784	141
1785	168
1786	166
1787	182
1788	158
1789	139
1790	160
1791	139
1792	183
1793	150
1794	166
1795	193
1796	156
1797	148
1798	174
1799	154
1800	136
1801	157
1802	145
1803	150
1804	147
1805	136
1806	151
1807	154
1808	175
1809	145
1810	140
1811	136
1812	131
1813	158
1814	157
1815	155
1816	128
1817	147
1818	159
1819	149
1820	126
1821	136
1822	134
1823	126
1824	140
1825	159
1826	147
1827	121
1828	154
1829	161
1830	160
1831	129
1832	163
1833	153
1834	118
1835	126
1836	127
1837	137
1838	137
1839	147
1840	139
1841	138
1842	143
1843	142
1844	145
1845	123
1846	135
1847	153
1848	137
1849	109
1850	145
1851	122
1852	134
1853	136
1854	149
1855	137
1856	137
1857	133
1858	143
1859	133
1860	145
1861	151
1862	140
1863	134
1864	126
1865	145
1866	141
1867	141
1868	136
1869	162
1870	153
1871	155
1872	141
1873	139
1874	168
1875	151
1876	167
1877	152
1878	155
1879	135
1880	151
1881	163
1882	153
1883	163
1884	147
1885	144
1886	134
1887	139
1888	151
1889	167
1890	172
1891	143
1892	152
1893	155
1894	165
1895	151
1896	158
1897	175
1898	158
1899	166
1900	157
1901	163
1902	167
1903	176
1904	176
1905	183
1906	172
1907	151
1908	180
1909	197
1910	175
1911	160
1912	187
1913	169
1914	209
1915	173
1916	182
1917	191
1918	176
1919	172
1920	202
1921	200
1922	187
1923	159
1924	186
1925	202
1926	150
1927	191
1928	155
1929	181
1930	185
1931	188
1932	187
1933	161
1934	180
1935	193
1936	165
1937	196
1938	182
1939	206
1940	207
1941	196
1942	211
1943	187
1944	184
1945	214
1946	189
1947	203
1948	172
1949	198
1950	220
1951	194
1952	198
1953	208
1954	192
1955	196
1956	214
1957	210
1958	197
1959	183
1960	240
1961	190
1962	216
1963	215
1964	210
1965	226
1966	191
1967	168
1968	207
1969	223
1970	211
1971	185
1972	224
1973	207
1974	222
1975	178
1976	208
1977	216
1978	207
1979	196
1980	211
1981	196
1982	199
1983	191
1984	205
1985	183
1986	200
1987	194
1988	183
1989	204
1990	204
1991	186
1992	183
1993	177
1994	174
1995	193
1996	190
1997	177
1998	190
1999	174
2000	198
2001	192
2002	189
2003	183
2004	171
2005	177
2006	174
2007	214
2008	194
2009	194
2010	161
2011	183
2012	181
2013	200
2014	174
2015	189
2016	185
2017	169
2018	152
2019	168
2020	173
2021	158
2022	183
2023	155
2024	164
2025	154
2026	155
2027	162
2028	180
2029	162
2030	153
2031	168
2032	142
2033	154
2034	144
2035	156
2036	147
2037	139
2038	138
2039	155
2040	150
2041	144
2042	145
2043	132
2044	137
2045	129
2046	127
2047	150
2048	134
2049	139
2050	111
2051	141
2052	155
2053	135
2054	128
2055	122
2056	108
2057	120
2058	132
2059	126
2060	107
2061	128
2062	131
2063	117
2064	121
2065	116
2066	111
2067	126
2068	112
2069	104
2070	113
2071	100
2072	114
2073	108
2074	107
2075	98
2076	109
2077	106
2078	124
2079	81
2080	113
2081	103
2082	97
2083	117
2084	106
2085	103
2086	108
2087	99
2088	101
2089	97
2090	91
2091	79
2092	92
2093	96
2094	103
2095	96
2096	95
2097	94
2098	113
2099	98
2100	87
2101	108
2102	96
2103	99
2104	93
2105	102
2106	108
2107	90
2108	85
2109	89
2110	79
2111	102
2112	84
2113	89
2114	107
2115	96
2116	84
2117	91
2118	100
2119	99
2120	86
2121	87
2122	77
2123	81
2124	93
2125	98
2126	103
2127	99
2128	102
2129	83
2130	82
2131	100
2132	86
2133	80
2134	89
2135	90
2136	84
2137	74
2138	96
2139	72
2140	73
2141	89
2142	96
2143	91
2144	93
2145	99
2146	95
2147	77
2148	95
2149	89
2150	97
2151	74
2152	83
2153	101
2154	91
2155	84
2156	90
2157	84
2158	87
2159	84
2160	90
2161	93
2162	61
2163	82
2164	99
2165	80
2166	81
2167	80
2168	88
2169	90
2170	89
2171	94
2172	86
2173	89
2174	93
2175	78
2176	94
2177	86
2178	92
2179	95
2180	84
2181	78
2182	93
2183	80
2184	70
2185	87
2186	89
2187	87
2188	87
2189	92
2190	88
2191	89
2192	88
2193	100
2194	90
2195	69
2196	94
2197	79
2198	77
2199	82
2200	85
2201	79
2202	86
2203	70
2204	83
2205	83
2206	81
2207	84
2208	66
2209	99
2210	89
2211	83
2212	92
2213	92
2214	88
2215	86
2216	75
2217	91
2218	79
2219	87
2220	95
2221	73
2222	80
2223	77
2224	71
2225	69
2226	92
2227	80
2228	77
2229	74
2230	70
2231	84
2232	86
2233	62
2234	74
2235	99
2236	70
2237	70
2238	77
2239	74
2240	103
2241	73
2242	87
2243	86
2244	90
2245	77
2246	72
2247	87
2248	91
2249	81
2250	83
2251	89
2252	97
2253	79
2254	85
2255	74
2256	95
2257	87
2258	85
2259	88
2260	95
2261	80
2262	78
2263	75
2264	93
2265	80
2266	97
2267	75
2268	74
2269	85
2270	91
2271	91
2272	80
2273	74
2274	92
2275	64
2276	87
2277	78
2278	74
2279	82
2280	89
2281	74
2282	67
2283	67
2284	80
2285	79
2286	81
2287	83
2288	80
2289	89
2290	78
2291	93
2292	86
2293	62
2294	73
2295	85
2296	84
2297	83
2298	84
2299	67
2300	69
2301	83
2302	72
2303	95
2304	87
2305	72
2306	93
2307	96
2308	80
2309	84
2310	73
2311	83
2312	87
2313	84
2314	102
2315	79
2316	72
2317	100
2318	81
2319	87
2320	74
2321	78
2322	77
2323	77
2324	74
2325	88
2326	85
2327	81
2328	91
2329	77
2330	89
2331	86
2332	87
2333	84
2334	80
2335	88
2336	77
2337	88
2338	84
2339	95
2340	70
2341	82
2342	83
2343	84
2344	84
2345	79
2346	88
2347	107
2348	93
2349	91
2350	110
2351	95
2352	90
2353	93
2354	70
2355	100
2356	87
2357	72
2358	81
2359	73
2360	96
2361	103
2362	72
2363	82
2364	79
2365	86
2366	89
2367	74
2368	92
2369	78
2370	73
2371	86
2372	73
2373	88
2374	73
2375	74
2376	95
2377	80
2378	87
2379	84
2380	86
2381	94
2382	95
2383	83
2384	97
2385	83
2386	93
2387	70
2388	84
2389	87
2390	90
2391	87
2392	80
2393	81
2394	89
2395	76
2396	84
2397	88
2398	80
2399	78
2400	99
2401	62
2402	89
2403	81
2404	85
2405	60
2406	81
2407	83
2408	68
2409	85
2410	77
2411	89
2412	76
2413	83
2414	80
2415	75
2416	63
2417	86
2418	68
2419	78
2420	76
2421	70
2422	81
2423	80
2424	77
2425	83
2426	83
2427	67
2428	73
2429	73
2430	82
2431	73
2432	68
2433	92
2434	70
2435	71
2436	95
2437	66
2438	78
2439	72
2440	64
2441	60
2442	76
2443	59
2444	88
2445	78
2446	81
2447	75
2448	66
2449	83
2450	59
2451	69
2452	71
2453	89
2454	77
2455	66
2456	85
2457	77
2458	81
2459	78
2460	61
2461	75
2462	54
2463	75
2464	63
2465	69
2466	69
2467	74
2468	67
2469	69
2470	78
2471	60
2472	71
2473	67
2474	69
2475	71
2476	80
2477	81
2478	67
2479	92
2480	70
2481	91
2482	57
2483	63
2484	63
2485	61
2486	59
2487	61
2488	75
2489	64
2490	68
2491	73
2492	78
2493	88
2494	75
2495	69
2496	70
2497	81
2498	59
2499	71
2500	67
2501	63
2502	70
2503	59
2504	73
2505	72
2506	76
2507	65
2508	82
2509	62
2510	63
2511	70
2512	61
2513	74
2514	64
2515	70
2516	71
2517	56
2518	65
2519	66
2520	68
2521	70
2522	76
2523	61
2524	67
2525	66
2526	60
2527	77
2528	72
2529	66
2530	62
2531	63
2532	66
2533	65
2534	45
2535	46
2536	69
2537	75
2538	66
2539	59
2540	70
2541	75
2542	61
2543	83
2544	65
2545	74
2546	61
2547	66
2548	53
2549	80
2550	68
2551	63
2552	99
2553	57
2554	60
2555	62
2556	63
2557	58
2558	50
2559	67
2560	56
2561	59
2562	72
2563	63
2564	64
2565	56
2566	61
2567	45
2568	64
2569	63
2570	71
2571	73
2572	71
2573	61
2574	67
2575	63
2576	45
2577	64
2578	62
2579	66
2580	68
2581	55
2582	80
2583	57
2584	73
2585	50
2586	64
2587	67
2588	62
2589	61
2590	67
2591	65
2592	69
2593	60
2594	62
2595	69
2596	67
2597	60
2598	68
2599	68
2600	68
2601	72
2602	72
2603	70
2604	57
2605	63
2606	78
2607	59
2608	62
2609	70
2610	60
2611	67
2612	73
2613	74
2614	59
2615	63
2616	60
2617	71
2618	64
2619	69
2620	65
2621	79
2622	76
2623	67
2624	80
2625	71
2626	62
2627	74
2628	82
2629	66
2630	66
2631	67
2632	65
2633	75
2634	72
2635	73
2636	61
2637	52
2638	62
2639	85
2640	70
2641	47
2642	80
2643	85
2644	78
2645	89
2646	77
2647	91
2648	78
2649	61
2650	85
2651	77
2652	86
2653	75
2654	61
2655	54
2656	74
2657	63
2658	71
2659	73
2660	89
2661	67
2662	70
2663	62
2664	74
2665	67
2666	82
2667	75
2668	78
2669	93
2670	77
2671	77
2672	75
2673	83
2674	77
2675	88
2676	74
2677	76
2678	72
2679	70
2680	83
2681	66
2682	70
2683	80
2684	90
2685	91
2686	74
2687	77
2688	90
2689	70
2690	93
2691	75
2692	67
2693	91
2694	78
2695	86
2696	79
2697	73
2698	94
2699	65
2700	70
2701	61
2702	75
2703	79
2704	68
2705	88
2706	88
2707	98
2708	70
2709	81
2710	96
2711	80
2712	80
2713	95
2714	71
2715	79
2716	72
2717	70
2718	65
2719	78
2720	74
2721	70
2722	73
2723	76
2724	85
2725	77
2726	71
2727	70
2728	64
2729	68
2730	98
2731	66
2732	73
2733	67
2734	74
2735	80
2736	87
2737	71
2738	75
2739	63
2740	64
2741	85
2742	79
2743	56
2744	79
2745	79
2746	80
2747	76
2748	92
2749	61
2750	58
2751	75
2752	67
2753	71
2754	77
2755	57
2756	88
2757	79
2758	74
2759	68
2760	56
2761	63
2762	66
2763	67
2764	70
2765	77
2766	65
2767	71
2768	76
2769	69
2770	74
2771	70
2772	69
2773	81
2774	76
2775	52
2776	71
2777	74
2778	77
2779	79
2780	72
2781	65
2782	67
2783	80
2784	81
2785	65
2786	77
2787	59
2788	70
2789	68
2790	64
2791	70
2792	73
2793	80
2794	69
2795	70
2796	59
2797	88
2798	83
2799	72
2800	54
2801	60
2802	85
2803	67
2804	72
2805	57
2806	85
2807	73
2808	60
2809	79
2810	71
2811	58
2812	68
2813	80
2814	52
2815	40
2816	80
2817	69
2818	63
2819	62
2820	61
2821	84
2822	68
2823	65
2824	63
2825	59
2826	80
2827	72
2828	64
2829	74
2830	54
2831	61
2832	82
2833	66
2834	74
2835	67
2836	67
2837	65
2838	78
2839	61
2840	60
2841	56
2842	67
2843	71
2844	70
2845	59
2846	53
2847	73
2848	68
2849	66
2850	61
2851	50
2852	80
2853	70
2854	58
2855	65
2856	69
2857	61
2858	58
2859	52
2860	59
2861	66
2862	52
2863	60
2864	50
2865	65
2866	67
2867	60
2868	71
2869	57
2870	64
2871	47
2872	61
2873	68
2874	45
2875	57
2876	53
2877	51
2878	76
2879	50
2880	54
2881	58
2882	61
2883	55
2884	53
2885	58
2886	51
2887	47
2888	51
2889	39
2890	50
2891	52
2892	58
2893	47
2894	52
2895	50
2896	46
2897	62
2898	51
2899	45
2900	60
2901	56
2902	48
2903	50
2904	53
2905	48
2906	52
2907	60
2908	45
2909	54
2910	59
2911	49
2912	51
2913	57
2914	46
2915	44
2916	56
2917	42
2918	52
2919	46
2920	68
2921	51
2922	54
2923	49
2924	48
2925	46
2926	35
2927	46
2928	50
2929	57
2930	56
2931	52
2932	42
2933	50
2934	44
2935	42
2936	46
2937	61
2938	47
2939	44
2940	47
2941	57
2942	44
2943	39
2944	62
2945	48
2946	50
2947	42
2948	39
2949	46
2950	38
2951	44
2952	49
2953	41
2954	44
2955	46
2956	49
2957	48
2958	51
2959	57
2960	45
2961	40
2962	50
2963	42
2964	38
2965	44
2966	51
2967	46
2968	36
2969	48
2970	48
2971	31
2972	42
2973	55
2974	33
2975	44
2976	51
2977	53
2978	38
2979	37
2980	41
2981	35
2982	33
2983	51
2984	56
2985	46
2986	56
2987	34
2988	44
2989	46
2990	36
2991	40
2992	46
2993	39
2994	46
2995	26
2996	34
2997	45
2998	48
2999	44
3000	53
3001	48
3002	63
3003	40
3004	42
3005	51
3006	44
3007	37
3008	39
3009	48
3010	49
3011	48
3012	47
3013	52
3014	43
3015	47
3016	41
3017	50
3018	52
3019	45
3020	45
3021	42
3022	33
3023	50
3024	42
3025	49
3026	32
3027	49
3028	29
3029	42
3030	48
3031	47
3032	46
3033	52
3034	46
3035	44
3036	48
3037	42
3038	43
3039	49
3040	38
3041	32
3042	30
3043	41
3044	48
3045	53
3046	34
3047	43
3048	47
3049	42
3050	56
3051	47
3052	41
3053	38
3054	54
3055	47
3056	54
3057	40
3058	37
3059	43
3060	46
3061	49
3062	40
3063	42
3064	55
3065	38
3066	42
3067	47
3068	56
3069	38
3070	56
3071	47
3072	48
3073	44
3074	55
3075	48
3076	50
3077	44
3078	43
3079	50
3080	42
3081	49
3082	47
3083	61
3084	61
3085	52
3086	52
3087	51
3088	57
3089	44
3090	46
3091	44
3092	55
3093	57
3094	47
3095	49
3096	47
3097	65
3098	50
3099	49
3100	54
3101	54
3102	38
3103	50
3104	48
3105	48
3106	52
3107	51
3108	44
3109	58
3110	53
3111	46
3112	50
3113	66
3114	49
3115	58
3116	51
3117	72
3118	51
3119	61
3120	49
3121	57
3122	49
3123	51
3124	54
3125	46
3126	56
3127	55
3128	57
3129	54
3130	69
3131	62
3132	48
3133	39
3134	50
3135	55
3136	59
3137	67
3138	49
3139	67
3140	52
3141	64
3142	59
3143	55
3144	54
3145	47
3146	52
3147	51
3148	61
3149	50
3150	52
3151	51
3152	56
3153	59
3154	44
3155	63
3156	56
3157	61
3158	56
3159	54
3160	53
3161	55
3162	58
3163	58
3164	63
3165	56
3166	61
3167	55
3168	58
3169	65
3170	59
3171	55
3172	63
3173	55
3174	62
3175	58
3176	53
3177	53
3178	61
3179	44
3180	58
3181	63
3182	50
3183	59
3184	56
3185	59
3186	54
3187	71
3188	66
3189	43
3190	67
3191	55
3192	72
3193	68
3194	55
3195	46
3196	71
3197	54
3198	43
3199	57
3200	64
3201	55
3202	71
3203	48
3204	54
3205	43
3206	52
3207	57
3208	55
3209	53
3210	46
3211	57
3212	61
3213	44
3214	53
3215	67
3216	60
3217	51
3218	45
3219	61
3220	52
3221	51
3222	60
3223	39
3224	50
3225	62
3226	53
3227	53
3228	54
3229	60
3230	66
3231	52
3232	61
3233	47
3234	51
3235	67
3236	53
3237	52
3238	41
3239	52
3240	58
3241	51
3242	53
3243	53
3244	54
3245	55
3246	39
3247	55
3248	57
3249	58
3250	64
3251	44
3252	54
3253	46
3254	46
3255	42
3256	56
3257	52
3258	41
3259	55
3260	51
3261	45
3262	38
3263	54
3264	46
3265	57
3266	44
3267	39
3268	42
3269	55
3270	43
3271	35
3272	36
3273	37
3274	45
3275	54
3276	42
3277	36
3278	46
3279	37
3280	61
3281	45
3282	44
3283	52
3284	54
3285	47
3286	42
3287	54
3288	49
3289	37
3290	31
3291	44
3292	55
3293	27
3294	63
3295	49
3296	42
3297	69
3298	33
3299	42
3300	49
3301	35
3302	53
3303	38
3304	42
3305	38
3306	33
3307	46
3308	49
3309	49
3310	40
3311	44
3312	40
3313	46
3314	38
3315	41
3316	37
3317	39
3318	30
3319	47
3320	42
3321	39
3322	44
3323	43
3324	33
3325	41
3326	54
3327	30
3328	52
3329	36
3330	40
3331	41
3332	38
3333	27
3334	42
3335	36
3336	39
3337	40
3338	28
3339	38
3340	46
3341	46
3342	36
3343	30
3344	36
3345	33
3346	35
3347	43
3348	42
3349	51
3350	37
3351	49
3352	44
3353	36
3354	40
3355	35
3356	49
3357	43
3358	37
3359	33
3360	37
3361	34
3362	40
3363	33
3364	34
3365	49
3366	42
3367	40
3368	40
3369	49
3370	42
3371	41
3372	35
3373	33
3374	51
3375	50
3376	34
3377	45
3378	38
3379	36
3380	30
3381	38
3382	42
3383	47
3384	29
3385	37
3386	50
3387	30
3388	34
3389	39
3390	44
3391	46
3392	41
3393	41
3394	47
3395	46
3396	36
3397	37
3398	38
3399	38
3400	43
3401	35
3402	31
3403	35
3404	41
3405	35
3406	33
3407	36
3408	24
3409	43
3410	36
3411	33
3412	37
3413	44
3414	29
3415	38
3416	48
3417	29
3418	42
3419	38
3420	46
3421	36
3422	39
3423	49
3424	27
3425	43
3426	32
3427	47
3428	40
3429	27
3430	38
3431	39
3432	34
3433	41
3434	52
3435	23
3436	40
3437	32
3438	40
3439	36
3440	32
3441	30
3442	43
3443	32
3444	36
3445	49
3446	31
3447	31
3448	38
3449	36
3450	29
3451	37
3452	37
3453	35
3454	35
3455	44
3456	30
3457	36
3458	31
3459	34
3460	37
3461	41
3462	45
3463	35
3464	38
3465	39
3466	34
3467	32
3468	38
3469	31
3470	30
3471	39
3472	40
3473	37
3474	36
3475	28
3476	32
3477	36
3478	25
3479	26
3480	30
3481	33
3482	30
3483	47
3484	37
3485	31
3486	28
3487	36
3488	25
3489	26
3490	37
3491	37
3492	28
3493	29
3494	45
3495	26
3496	29
3497	29
3498	35
3499	21
3500	26
3501	32
3502	32
3503	33
3504	32
3505	15
3506	26
3507	35
3508	20
3509	30
3510	32
3511	42
3512	26
3513	24
3514	30
3515	27
3516	21
3517	34
3518	32
3519	33
3520	21
3521	28
3522	34
3523	29
3524	30
3525	35
3526	30
3527	30
3528	26
3529	30
3530	35
3531	28
3532	19
3533	31
3534	20
3535	28
3536	24
3537	24
3538	39
3539	28
3540	25
3541	28
3542	21
3543	23
3544	35
3545	33
3546	22
3547	30
3548	37
3549	32
3550	15
3551	17
3552	31
3553	26
3554	28
3555	28
3556	33
3557	29
3558	21
3559	23
3560	21
3561	23
3562	24
3563	22
3564	22
3565	22
3566	31
3567	28
3568	24
3569	15
3570	32
3571	23
3572	24
3573	25
3574	16
3575	25
3576	24
3577	27
3578	18
3579	25
3580	28
3581	27
3582	22
3583	25
3584	23
3585	26
3586	31
3587	22
3588	21
3589	28
3590	27
3591	38
3592	20
3593	20
3594	24
3595	28
3596	27
3597	23
3598	28
3599	26
3600	22
3601	30
3602	24
3603	13
3604	23
3605	29
3606	28
3607	22
3608	25
3609	30
3610	20
3611	27
3612	28
3613	29
3614	28
3615	27
3616	26
3617	31
3618	16
3619	28
3620	27
3621	23
3622	20
3623	13
3624	24
3625	23
3626	24
3627	19
3628	20
3629	23
3630	9
3631	22
3632	29
3633	17
3634	18
3635	21
3636	21
3637	30
3638	28
3639	15
3640	19
3641	27
3642	36
3643	16
3644	19
3645	24
3646	24
3647	15
3648	28
3649	25
3650	15
3651	27
3652	33
3653	24
3654	27
3655	32
3656	31
3657	19
3658	13
3659	22
3660	32
3661	15
3662	20
3663	16
3664	25
3665	17
3666	20
3667	26
3668	17
3669	25
3670	17
3671	16
3672	20
3673	21
3674	20
3675	27
3676	21
3677	27
3678	29
3679	21
3680	27
3681	19
3682	26
3683	20
3684	19
3685	24
3686	23
3687	19
3688	19
3689	23
3690	21
3691	23
3692	21
3693	24
3694	16
3695	24
3696	21
3697	19
3698	19
3699	23
3700	23
3701	32
3702	26
3703	20
3704	14
3705	36
3706	21
3707	20
3708	25
3709	29
3710	32
3711	21
3712	22
3713	19
3714	29
3715	33
3716	25
3717	35
3718	25
3719	21
3720	25
3721	31
3722	26
3723	28
3724	18
3725	26
3726	19
3727	25
3728	27
3729	21
3730	22
3731	35
3732	24
3733	34
3734	23
3735	30
3736	26
3737	29
3738	27
3739	24
3740	19
3741	21
3742	31
3743	30
3744	22
3745	25
3746	36
3747	25
3748	31
3749	31
3750	24
3751	30
3752	22
3753	31
3754	22
3755	29
3756	41
3757	22
3758	34
3759	35
3760	28
3761	29
3762	24
3763	29
3764	26
3765	35
3766	31
3767	25
3768	33
3769	37
3770	27
3771	43
3772	39
3773	30
3774	26
3775	35
3776	35
3777	30
3778	34
3779	23
3780	33
3781	19
3782	40
3783	42
3784	36
3785	45
3786	33
3787	37
3788	41
3789	34
3790	27
3791	30
3792	29
3793	37
3794	34
3795	34
3796	42
3797	37
3798	33
3799	39
3800	35
3801	43
3802	25
3803	20
3804	43
3805	37
3806	37
3807	45
3808	35
3809	45
3810	42
3811	39
3812	43
3813	33
3814	38
3815	51
3816	36
3817	45
3818	35
3819	42
3820	45
3821	30
3822	53
3823	48
3824	34
3825	43
3826	38
3827	46
3828	56
3829	28
3830	38
3831	62
3832	58
3833	47
3834	68
3835	52
3836	60
3837	49
3838	60
3839	54
3840	49
3841	51
3842	60
3843	48
3844	52
3845	55
3846	54
3847	54
3848	53
3849	53
3850	56
3851	53
3852	65
3853	62
3854	66
3855	58
3856	63
3857	80
3858	65
3859	84
3860	80
3861	78
3862	65
3863	81
3864	57
3865	63
3866	64
3867	70
3868	56
3869	73
3870	76
3871	68
3872	83
3873	72
3874	83
3875	76
3876	70
3877	62
3878	59
3879	68
3880	72
3881	72
3882	60
3883	79
3884	71
3885	76
3886	78
3887	77
3888	79
3889	76
3890	84
3891	60
3892	81
3893	88
3894	79
3895	78
3896	82
3897	112
3898	85
3899	99
3900	81
3901	97
3902	100
3903	101
3904	113
3905	89
3906	89
3907	87
3908	104
3909	90
3910	87
3911	106
3912	91
3913	111
3914	93
3915	111
3916	104
3917	80
3918	94
3919	91
3920	100
3921	97
3922	114
3923	117
3924	110
3925	95
3926	113
3927	106
3928	111
3929	113
3930	120
3931	100
3932	96
3933	108
3934	102
3935	104
3936	89
3937	100
3938	105
3939	90
3940	123
3941	111
3942	94
3943	109
3944	124
3945	97
3946	104
3947	88
3948	114
3949	97
3950	101
3951	116
3952	121
3953	110
3954	110
3955	118
3956	114
3957	105
3958	79
3959	118
3960	96
3961	106
3962	101
3963	116
3964	111
3965	110
3966	99
3967	103
3968	115
3969	94
3970	111
3971	85
3972	117
3973	110
3974	104
3975	98
3976	106
3977	88
3978	105
3979	100
3980	120
3981	88
3982	119
3983	92
3984	104
3985	93
3986	78
3987	117
3988	104
3989	108
3990	111
3991	89
3992	98
3993	106
3994	115
3995	89
3996	85
3997	88
3998	85
3999	97
4000	94
4001	95
4002	91
4003	83
4004	80
4005	87
4006	84
4007	78
4008	91
4009	88
4010	83
4011	89
4012	88
4013	78
4014	82
4015	82
4016	94
4017	83
4018	83
4019	69
4020	74
4021	83
4022	94
4023	77
4024	63
4025	76
4026	85
4027	76
4028	74
4029	73
4030	81
4031	72
4032	70
4033	71
4034	61
4035	54
4036	73
4037	73
4038	53
4039	74
4040	66
4041	51
4042	62
4043	45
4044	56
4045	59
4046	62
4047	58
4048	60
4049	49
4050	52
4051	48
4052	64
4053	57
4054	59
4055	50
4056	48
4057	53
4058	58
4059	43
4060	45
4061	46
4062	43
4063	32
4064	45
4065	46
4066	45
4067	43
4068	38
4069	34
4070	37
4071	40
4072	52
4073	49
4074	33
4075	35
4076	44
4077	46
4078	34
4079	30
4080	35
4081	34
4082	38
4083	35
4084	40
4085	28
4086	37
4087	31
4088	27
4089	29
4090	30
4091	30
4092	33
4093	28
4094	28
4095	35
4096	29
4097	30
4098	22
4099	29
4100	37
4101	35
4102	29
4103	30
4104	25
4105	23
4106	26
4107	26
4108	38
4109	30
4110	26
4111	21
4112	39
4113	17
4114	24
4115	29
4116	17
4117	19
4118	12
4119	25
4120	20
4121	20
4122	23
4123	34
4124	26
4125	21
4126	20
4127	21
4128	20
4129	25
4130	17
4131	18
4132	24
4133	17
4134	12
4135	14
4136	28
4137	19
4138	25
4139	18
4140	18
4141	17
4142	8
4143	33
4144	26
4145	17
4146	19
4147	23
4148	22
4149	20
4150	27
4151	24
4152	24
4153	15
4154	14
4155	19
4156	17
4157	8
4158	14
4159	27
4160	14
4161	20
4162	19
4163	22
4164	12
4165	18
4166	24
4167	15
4168	17
4169	14
4170	15
4171	18
4172	24
4173	14
4174	19
4175	17
4176	16
4177	15
4178	19
4179	19
4180	16
4181	14
4182	14
4183	8
4184	11
4185	13
4186	13
4187	16
4188	12
4189	15
4190	12
4191	13
4192	16
4193	12
4194	14
4195	13
4196	7
4197	18
4198	10
4199	6
4200	17
4201	15
4202	14
4203	10
4204	17
4205	16
4206	10
4207	11
4208	15
4209	10
4210	8
4211	11
4212	17
4213	12
4214	10
4215	17
4216	14
4217	19
4218	13
4219	15
4220	6
4221	12
4222	11
4223	14
4224	11
4225	14
4226	13
4227	11
4228	9
4229	10
4230	15
4231	14
4232	15
4233	13
4234	16
4235	18
4236	15
4237	12
4238	12
4239	14
4240	19
4241	15
4242	14
4243	16
4244	12
4245	11
4246	11
4247	16
4248	11
4249	18
4250	8
4251	14
4252	16
4253	12
4254	15
4255	14
4256	15
4257	11
4258	13
4259	17
4260	11
4261	14
4262	12
4263	10
4264	10
4265	11
4266	17
4267	10
4268	13
4269	11
4270	11
4271	16
4272	16
4273	15
4274	15
4275	11
4276	14
4277	17
4278	5
4279	8
4280	11
4281	9
4282	11
4283	9
4284	12
4285	13
4286	16
4287	11
4288	10
4289	11
4290	15
4291	17
4292	9
4293	12
4294	7
4295	8
4296	8
4297	10
4298	11
4299	9
4300	13
4301	11
4302	10
4303	10
4304	8
4305	13
4306	10
4307	19
4308	14
4309	8
4310	11
4311	8
4312	12
4313	15
4314	10
4315	14
4316	8
4317	7
4318	15
4319	11
4320	7
4321	10
4322	10
4323	9
4324	13
4325	16
4326	16
4327	18
4328	8
4329	10
4330	11
4331	13
4332	9
4333	13
4334	11
4335	12
4336	14
4337	12
4338	13
4339	10
4340	13
4341	10
4342	9
4343	13
4344	9
4345	12
4346	12
4347	11
4348	10
4349	9
4350	12
4351	17
4352	7
4353	14
4354	14
4355	13
4356	12
4357	13
4358	9
4359	10
4360	13
4361	15
4362	7
4363	12
4364	8
4365	10
4366	8
4367	7
4368	13
4369	10
4370	10
4371	10
4372	5
4373	8
4374	16
4375	9
4376	10
4377	13
4378	11
4379	7
4380	14
4381	8
4382	15
4383	5
4384	14
4385	8
4386	17
4387	8
4388	8
4389	6
4390	2
4391	11
4392	16
4393	10
4394	11
4395	10
4396	12
4397	10
4398	3
4399	11
4400	11
4401	14
4402	10
4403	12
4404	7
4405	6
4406	7
4407	9
4408	10
4409	11
4410	4
4411	6
4412	9
4413	7
4414	11
4415	6
4416	11
4417	8
4418	10
4419	11
4420	6
4421	12
4422	13
4423	10
4424	15
4425	6
4426	11
4427	11
4428	8
4429	9
4430	13
4431	8
4432	17
4433	9
4434	9
4435	8
4436	8
4437	7
4438	8
4439	12
4440	10
4441	8
4442	10
4443	14
4444	5
4445	3
4446	15
4447	14
4448	17
4449	6
4450	12
4451	8
4452	14
4453	11
4454	10
4455	9
4456	8
4457	9
4458	6
4459	21
4460	8
4461	4
4462	14
4463	8
4464	6
4465	8
4466	3
4467	5
4468	17
4469	12
4470	14
4471	14
4472	17
4473	20
4474	9
4475	11
4476	11
4477	14
4478	8
4479	14
4480	8
4481	12
4482	7
4483	6
4484	11
4485	7
4486	9
4487	17
4488	8
4489	9
4490	7
4491	10
4492	15
4493	12
4494	8
4495	11
4496	12
4497	11
4498	11
4499	10
4500	7
4501	7
4502	13
4503	16
4504	12
4505	10
4506	13
4507	14
4508	10
4509	17
4510	13
4511	14
4512	17
4513	13
4514	8
4515	15
4516	13
4517	17
4518	18
4519	12
4520	13
4521	19
4522	12
4523	16
4524	17
4525	16
4526	16
4527	9
4528	10
4529	15
4530	16
4531	12
4532	16
4533	6
4534	18
4535	15
4536	11
4537	15
4538	10
4539	14
4540	17
4541	19
4542	17
4543	13
4544	16
4545	11
4546	16
4547	11
4548	18
4549	14
4550	11
4551	13
4552	16
4553	13
4554	20
4555	14
4556	16
4557	19
4558	14
4559	16
4560	15
4561	11
4562	19
4563	15
4564	15
4565	17
4566	17
4567	10
4568	7
4569	19
4570	18
4571	15
4572	12
4573	19
4574	12
4575	18
4576	18
4577	16
4578	24
4579	14
4580	16
4581	9
4582	18
4583	15
4584	18
4585	27
4586	18
4587	17
4588	13
4589	10
4590	15
4591	22
4592	25
4593	13
4594	17
4595	20
4596	20
4597	19
4598	20
4599	9
4600	17
4601	20
4602	20
4603	25
4604	23
4605	19
4606	22
4607	16
4608	26
4609	14
4610	17
4611	17
4612	18
4613	23
4614	20
4615	14
4616	11
4617	21
4618	16
4619	21
4620	21
4621	12
4622	21
4623	27
4624	21
4625	30
4626	27
4627	19
4628	25
4629	15
4630	25
4631	17
4632	23
4633	23
4634	21
4635	15
4636	17
4637	13
4638	19
4639	22
4640	17
4641	22
4642	24
4643	18
4644	12
4645	18
4646	14
4647	17
4648	26
4649	17
4650	16
4651	20
4652	21
4653	27
4654	20
4655	29
4656	23
4657	20
4658	20
4659	20
4660	18
4661	14
4662	13
4663	17
4664	16
4665	19
4666	19
4667	22
4668	15
4669	22
4670	17
4671	17
4672	21
4673	16
4674	19
4675	18
4676	20
4677	16
4678	18
4679	25
4680	16
4681	15
4682	15
4683	17
4684	20
4685	23
4686	16
4687	23
4688	17
4689	25
4690	16
4691	16
4692	13
4693	12
4694	18
4695	17
4696	11
4697	21
4698	15
4699	11
4700	13
4701	11
4702	16
4703	18
4704	21
4705	19
4706	20
4707	13
4708	18
4709	18
4710	20
4711	20
4712	22
4713	18
4714	12
4715	19
4716	13
4717	15
4718	16
4719	13
4720	15
4721	12
4722	12
4723	14
4724	13
4725	9
4726	14
4727	16
4728	18
4729	19
4730	14
4731	18
4732	14
4733	13
4734	15
4735	11
4736	12
4737	18
4738	17
4739	9
4740	17
4741	22
4742	10
4743	12
4744	13
4745	7
4746	10
4747	8
4748	11
4749	19
4750	15
4751	7
4752	16
4753	14
4754	9
4755	11
4756	12
4757	18
4758	12
4759	9
4760	13
4761	14
4762	16
4763	10
4764	21
4765	10
4766	12
4767	11
4768	12
4769	11
4770	10
4771	10
4772	9
4773	8
4774	11
4775	13
4776	16
4777	15
4778	7
4779	11
4780	8
4781	11
4782	7
4783	12
4784	8
4785	13
4786	6
4787	6
4788	13
4789	10
4790	5
4791	16
4792	7
4793	7
4794	11
4795	10
4796	12
4797	4
4798	14
4799	11
4800	12
4801	8
4802	7
4803	11
4804	4
4805	10
4806	11
4807	7
4808	9
4809	3
4810	10
4811	11
4812	12
4813	10
4814	11
4815	7
4816	10
4817	8
4818	8
4819	8
4820	9
4821	8
4822	7
4823	5
4824	10
4825	4
4826	9
4827	8
4828	8
4829	6
4830	9
4831	3
4832	8
4833	8
4834	4
4835	5
4836	14
4837	7
4838	11
4839	14
4840	6
4841	8
4842	14
4843	12
4844	13
4845	7
4846	6
4847	7
4848	7
4849	6
4850	8
4851	10
4852	6
4853	9
4854	10
4855	7
4856	6
4857	14
4858	6
4859	7
4860	8
4861	14
4862	8
4863	6
4864	10
4865	9
4866	4
4867	7
4868	10
4869	7
4870	8
4871	9
4872	9
4873	12
4874	7
4875	8
4876	5
4877	5
4878	7
4879	7
4880	7
4881	14
4882	7
4883	7
4884	7
4885	10
4886	12
4887	6
4888	6
4889	5
4890	10
4891	13
4892	6
4893	9
4894	9
4895	9
4896	11
4897	6
4898	7
4899	7
4900	2
4901	6
4902	5
4903	4
4904	8
4905	8
4906	8
4907	1
4908	5
4909	8
4910	5
4911	7
4912	4
4913	5
4914	12
4915	3
4916	6
4917	5
4918	6
4919	5
4920	4
4921	8
4922	4
4923	3
4924	9
4925	3
4926	4
4927	6
4928	4
4929	10
4930	5
4931	6
4932	4
4933	6
4934	8
4935	8
4936	7
4937	2
4938	3
4939	8
4940	2
4941	6
4942	12
4943	7
4944	8
4945	6
4946	4
4947	5
4948	5
4949	5
4950	5
4951	3
4952	4
4953	9
4954	6
4955	7
4956	9
4957	4
4958	8
4959	10
4960	5
4961	6
4962	8
4963	4
4964	6
4965	8
4966	2
4967	6
4968	6
4969	6
4970	7
4971	5
4972	5
4973	6
4974	7
4975	8
4976	6
4977	6
4978	8
4979	6
4980	8
4981	9
4982	1
4983	3
4984	5
4985	4
4986	6
4987	8
4988	2
4989	5
4990	7
4991	4
4992	9
4993	10
4994	2
4995	8
4996	5
4997	4
4998	6
4999	3
5000	3
5001	7
5002	3
5003	3
5004	4
5005	3
5006	5
5007	4
5008	4
5009	7
5010	5
5011	11
5012	4
5013	4
5014	6
5015	6
5016	9
5017	3
5018	3
5019	8
5020	4
5021	5
5022	13
5023	4
5024	2
5025	3
5026	5
5027	2
5028	7
5029	6
5030	4
5031	7
5032	5
5033	2
5034	6
5035	6
5036	4
5037	2
5038	3
5039	4
5040	3
5041	5
5042	4
5043	5
5044	6
5045	5
5046	6
5047	3
5048	2
5049	5
5050	2
5051	4
5052	2
5053	5
5054	6
5055	5
5056	4
5057	1
5058	4
5059	7
5060	3
5061	4
5062	8
5063	2
5064	3
5065	3
5066	7
5067	8
5068	4
5069	3
5070	5
5071	9
5072	8
5073	2
5074	5
5075	4
5076	10
5077	3
5078	5
5079	4
5080	4
5081	1
5082	2
5083	5
5084	4
5085	4
5086	5
5087	6
5088	8
5089	2
5090	4
5091	4
5092	3
5093	3
5094	5
5095	3
5096	5
5097	4
5098	4
5099	5
5100	6
5101	4
5102	3
5103	2
5104	4
5105	7
5106	4
5107	5
5108	2
5109	4
5110	3
5111	5
5112	6
5113	7
5114	3
5115	4
5116	1
5117	5
5118	4
5119	2
5120	3
5121	6
5122	5
5123	7
5124	2
5125	3
5126	9
5127	4
5128	3
5129	7
5130	6
5131	4
5132	1
5133	3
5134	4
5135	6
5136	6
5137	4
5138	5
5139	11
5140	3
5141	6
5142	3
5143	2
5144	4
5145	5
5146	6
5147	8
5148	4
5149	3
5150	4
5151	7
5152	2
5153	8
5154	3
5155	1
5156	3
5157	6
5158	5
5159	2
5160	3
5161	5
5162	4
5163	9
5164	4
5165	3
5166	3
5167	5
5168	5
5169	6
5170	5
5171	7
5172	6
5173	5
5174	3
5175	1
5176	5
5177	3
5178	5
5179	3
5180	8
5181	4
5182	0
5183	7
5184	1
5185	3
5186	3
5187	8
5188	5
5189	3
5190	9
5191	5
5192	3
5193	7
5194	5
5195	6
5196	2
5197	6
5198	0
5199	8
5200	6
5201	6
5202	1
5203	7
5204	2
5205	3
5206	11
5207	7
5208	7
5209	2
5210	5
5211	4
5212	8
5213	4
5214	8
5215	4
5216	10
5217	0
5218	3
5219	2
5220	6
5221	2
5222	4
5223	4
5224	4
5225	6
5226	3
5227	5
5228	2
5229	6
5230	5
5231	3
5232	1
5233	2
5234	5
5235	6
5236	8
5237	9
5238	2
5239	3
5240	4
5241	6
5242	11
5243	2
5244	5
5245	5
5246	2
5247	6
5248	5
5249	5
5250	3
5251	5
5252	10
5253	6
5254	2
5255	2
5256	5
5257	3
5258	5
5259	3
5260	6
5261	1
5262	3
5263	9
5264	2
5265	3
5266	6
5267	4
5268	3
5269	5
5270	1
5271	3
5272	5
5273	6
5274	2
5275	7
5276	5
5277	5
5278	5
5279	3
5280	7
5281	9
5282	5
5283	7
5284	7
5285	4
5286	5
5287	4
5288	5
5289	5
5290	7
5291	2
5292	4
5293	2
5294	3
5295	4
5296	5
5297	5
5298	4
5299	1
5300	6
5301	1
5302	7
5303	0
5304	2
5305	1
5306	9
5307	4
5308	6
5309	9
5310	5
5311	0
5312	5
5313	6
5314	6
5315	3
5316	7
5317	4
5318	3
5319	4
5320	6
5321	5
5322	8
5323	6
5324	7
5325	8
5326	5
5327	3
5328	8
5329	3
5330	6
5331	4
5332	8
5333	4
5334	4
5335	4
5336	4
5337	6
5338	4
5339	4
5340	2
5341	4
5342	6
5343	7
5344	7
5345	4
5346	4
5347	4
5348	7
5349	8
5350	1
5351	6
5352	2
5353	5
5354	2
5355	6
5356	5
5357	7
5358	3
5359	6
5360	6
5361	7
5362	7
5363	4
5364	5
5365	9
5366	4
5367	4
5368	5
5369	2
5370	4
5371	6
5372	4
5373	4
5374	7
5375	6
5376	6
5377	6
5378	3
5379	6
5380	4
5381	7
5382	4
5383	8
5384	6
5385	9
5386	4
5387	4
5388	9
5389	6
5390	4
5391	6
5392	7
5393	4
5394	9
5395	6
5396	7
5397	5
5398	10
5399	5
5400	8
5401	8
5402	8
5403	5
5404	4
5405	6
5406	8
5407	10
5408	6
5409	5
5410	5
5411	14
5412	6
5413	5
5414	12
5415	12
5416	5
5417	10
5418	14
5419	2
5420	10
5421	8
5422	9
5423	5
5424	6
5425	4
5426	10
5427	8
5428	2
5429	6
5430	5
5431	8
5432	7
5433	5
5434	7
5435	10
5436	8
5437	7
5438	11
5439	7
5440	4
5441	11
5442	5
5443	5
5444	8
5445	4
5446	6
5447	12
5448	11
5449	7
5450	7
5451	11
5452	8
5453	11
5454	10
5455	11
5456	7
5457	6
5458	5
5459	7
5460	8
5461	3
5462	9
5463	5
5464	6
5465	5
5466	8
5467	8
5468	6
5469	9
5470	8
5471	6
5472	6
5473	7
5474	5
5475	8
5476	5
5477	11
5478	9
5479	8
5480	8
5481	8
5482	11
5483	6
5484	11
5485	7
5486	8
5487	8
5488	8
5489	7
5490	10
5491	10
5492	6
5493	5
5494	6
5495	6
5496	5
5497	7
5498	8
5499	4
5500	9
5501	11
5502	4
5503	10
5504	7
5505	7
5506	11
5507	7
5508	1
5509	8
5510	7
5511	8
5512	7
5513	10
5514	10
5515	8
5516	9
5517	8
5518	8
5519	7
5520	6
5521	9
5522	4
5523	5
5524	11
5525	2
5526	12
5527	10
5528	8
5529	5
5530	9
5531	7
5532	5
5533	14
5534	9
5535	9
5536	4
5537	6
5538	15
5539	7
5540	8
5541	6
5542	5
5543	12
5544	8
5545	4
5546	2
5547	5
5548	9
5549	8
5550	9
5551	7
5552	8
5553	8
5554	6
5555	7
5556	12
5557	4
5558	3
5559	7
5560	8
5561	6
5562	10
5563	7
5564	10
5565	4
5566	5
5567	9
5568	9
5569	4
5570	9
5571	7
5572	5
5573	8
5574	9
5575	6
5576	5
5577	12
5578	7
5579	6
5580	2
5581	7
5582	9
5583	7
5584	10
5585	14
5586	11
5587	4
5588	6
5589	8
5590	8
5591	10
5592	12
5593	7
5594	5
5595	9
5596	11
5597	6
5598	13
5599	10
5600	7
5601	12
5602	3
5603	3
5604	3
5605	5
5606	5
5607	9
5608	9
5609	12
5610	12
5611	7
5612	17
5613	11
5614	12
5615	7
5616	4
5617	8
5618	2
5619	10
5620	9
5621	7
5622	9
5623	2
5624	7
5625	7
5626	7
5627	5
5628	10
5629	5
5630	7
5631	4
5632	6
5633	8
5634	14
5635	9
5636	6
5637	5
5638	6
5639	5
5640	15
5641	7
5642	14
5643	9
5644	3
5645	5
5646	5
5647	9
5648	4
5649	7
5650	9
5651	7
5652	5
5653	4
5654	10
5655	7
5656	10
5657	7
5658	9
5659	7
5660	12
5661	9
5662	6
5663	10
5664	7
5665	7
5666	8
5667	8
5668	10
5669	5
5670	13
5671	2
5672	4
5673	6
5674	9
5675	10
5676	6
5677	5
5678	7
5679	10
5680	4
5681	6
5682	9
5683	7
5684	12
5685	8
5686	4
5687	9
5688	6
5689	8
5690	6
5691	6
5692	3
5693	4
5694	9
5695	7
5696	5
5697	8
5698	1
5699	10
5700	9
5701	5
5702	7
5703	5
5704	8
5705	13
5706	4
5707	9
5708	4
5709	6
5710	11
5711	4
5712	8
5713	11
5714	8
5715	5
5716	6
5717	3
5718	8
5719	5
5720	7
5721	5
5722	8
5723	6
5724	5
5725	6
5726	3
5727	5
5728	7
5729	7
5730	4
5731	8
5732	5
5733	8
5734	7
5735	4
5736	8
5737	8
5738	8
5739	8
5740	9
5741	11
5742	5
5743	10
5744	6
5745	5
5746	4
5747	8
5748	5
5749	12
5750	10
5751	4
5752	4
5753	6
5754	4
5755	5
5756	4
5757	5
5758	6
5759	8
5760	6
5761	3
5762	7
5763	5
5764	7
5765	7
5766	3
5767	9
5768	6
5769	8
5770	7
5771	3
5772	7
5773	10
5774	7
5775	7
5776	4
5777	3
5778	7
5779	3
5780	3
5781	6
5782	4
5783	10
5784	7
5785	5
5786	5
5787	2
5788	6
5789	6
5790	7
5791	3
5792	6
5793	2
5794	5
5795	3
5796	9
5797	3
5798	6
5799	6
5800	6
5801	6
5802	1
5803	9
5804	7
5805	6
5806	4
5807	2
5808	4
5809	1
5810	7
5811	6
5812	3
5813	11
5814	9
5815	6
5816	9
5817	6
5818	2
5819	4
5820	3
5821	6
5822	11
5823	7
5824	7
5825	5
5826	2
5827	5
5828	6
5829	6
5830	7
5831	3
5832	10
5833	4
5834	5
5835	3
5836	10
5837	7
5838	5
5839	6
5840	8
5841	5
5842	4
5843	3
5844	5
5845	11
5846	5
5847	4
5848	2
5849	6
5850	6
5851	3
5852	4
5853	6
5854	1
5855	2
5856	2
5857	9
5858	5
5859	7
5860	4
5861	6
5862	4
5863	2
5864	5
5865	4
5866	3
5867	6
5868	2
5869	3
5870	5
5871	9
5872	7
5873	4
5874	1
5875	4
5876	4
5877	5
5878	6
5879	6
5880	4
5881	2
5882	2
5883	5
5884	3
5885	5
5886	2
5887	6
5888	5
5889	3
5890	3
5891	7
5892	6
5893	1
5894	3
5895	4
5896	6
5897	3
5898	2
5899	4
5900	3
5901	4
5902	5
5903	4
5904	6
5905	2
5906	5
5907	5
5908	3
5909	1
5910	6
5911	2
5912	8
5913	5
5914	5
5915	3
5916	5
5917	7
5918	4
5919	5
5920	4
5921	1
5922	6
5923	5
5924	5
5925	3
5926	6
5927	9
5928	5
5929	4
5930	1
5931	5
5932	1
5933	2
5934	3
5935	3
5936	4
5937	4
5938	6
5939	3
5940	3
5941	6
5942	1
5943	5
5944	4
5945	6
5946	7
5947	5
5948	7
5949	4
5950	2
5951	2
5952	5
5953	5
5954	5
5955	3
5956	5
5957	3
5958	7
5959	3
5960	4
5961	3
5962	3
5963	5
5964	6
5965	4
5966	5
5967	5
5968	3
5969	5
5970	3
5971	3
5972	3
5973	2
5974	6
5975	5
5976	5
5977	6
5978	3
5979	4
5980	3
5981	1
5982	5
5983	2
5984	4
5985	4
5986	2
5987	1
5988	3
5989	1
5990	5
5991	3
5992	6
5993	3
5994	4
5995	9
5996	3
5997	5
5998	5
5999	4
6000	1
6001	4
6002	5
6003	2
6004	3
6005	1
6006	4
6007	3
6008	2
6009	5
6010	4
6011	3
6012	1
6013	8
6014	3
6015	2
6016	4
6017	3
6018	2
6019	2
6020	3
6021	0
6022	5
6023	6
6024	1
6025	3
6026	4
6027	3
6028	1
6029	2
6030	3
6031	4
6032	1
6033	6
6034	2
6035	4
6036	5
6037	4
6038	4
6039	3
6040	8
6041	2
6042	2
6043	3
6044	3
6045	5
6046	7
6047	1
6048	3
6049	5
6050	5
6051	1
6052	3
6053	3
6054	5
6055	3
6056	2
6057	5
6058	3
6059	3
6060	2
6061	3
6062	4
6063	4
6064	3
6065	5
6066	4
6067	2
6068	2
6069	2
6070	1
6071	1
6072	3
6073	1
6074	1
6075	1
6076	1
6077	2
6078	1
6079	1
6080	4
6081	1
6082	2
6083	3
6084	3
6085	3
6086	4
6087	5
6088	2
6089	2
6090	2
6091	5
6092	1
6093	5
6094	5
6095	6
6096	6
6097	0
6098	3
6099	1
6100	4
6101	2
6102	1
6103	3
6104	6
6105	4
6106	3
6107	0
6108	2
6109	3
6110	7
6111	3
6112	4
6113	2
6114	7
6115	6
6116	3
6117	2
6118	0
6119	5
6120	2
6121	1
6122	5
6123	6
6124	4
6125	4
6126	3
6127	5
6128	4
6129	6
6130	2
6131	4
6132	7
6133	8
6134	3
6135	6
6136	4
6137	4
6138	3
6139	3
6140	3
6141	7
6142	4
6143	2
6144	6
6145	1
6146	0
6147	3
6148	2
6149	2
6150	3
6151	2
6152	2
6153	4
6154	3
6155	4
6156	2
6157	4
6158	2
6159	1
6160	2
6161	2
6162	2
6163	2
6164	3
6165	3
6166	2
6167	7
6168	1
6169	0
6170	3
6171	2
6172	3
6173	0
6174	1
6175	2
6176	0
6177	4
6178	6
6179	1
6180	3
6181	4
6182	3
6183	2
6184	1
6185	3
6186	2
6187	1
6188	3
6189	2
6190	7
6191	2
6192	3
6193	4
6194	4
6195	5
6196	1
6197	3
6198	4
6199	1
6200	3
6201	1
6202	5
6203	5
6204	1
6205	2
6206	3
6207	3
6208	2
6209	4
6210	2
6211	1
6212	2
6213	5
6214	3
6215	1
6216	0
6217	1
6218	5
6219	5
6220	7
6221	1
6222	2
6223	1
6224	2
6225	1
6226	1
6227	0
6228	0
6229	2
6230	3
6231	2
6232	2
6233	1
6234	2
6235	2
6236	2
6237	2
6238	4
6239	2
6240	3
6241	3
6242	1
6243	1
6244	0
6245	3
6246	8
6247	3
6248	1
6249	3
6250	2
6251	1
6252	2
6253	3
6254	0
6255	2
6256	4
6257	2
6258	3
6259	3
6260	4
6261	3
6262	4
6263	1
6264	0
6265	1
6266	1
6267	0
6268	1
6269	3
6270	1
6271	4
6272	3
6273	3
6274	3
6275	6
6276	2
6277	2
6278	0
6279	0
6280	3
6281	4
6282	3
6283	2
6284	3
6285	1
6286	2
6287	1
6288	3
6289	2
6290	2
6291	1
6292	0
6293	3
6294	2
6295	0
6296	1
6297	2
6298	0
6299	1
6300	1
6301	5
6302	1
6303	3
6304	0
6305	1
6306	1
6307	1
6308	3
6309	1
6310	0
6311	3
6312	3
6313	0
6314	1
6315	2
6316	4
6317	1
6318	3
6319	4
6320	3
6321	3
6322	0
6323	2
6324	3
6325	3
6326	2
6327	2
6328	1
6329	2
6330	3
6331	3
6332	4
6333	1
6334	1
6335	1
6336	3
6337	5
6338	0
6339	0
6340	3
6341	2
6342	4
6343	3
6344	3
6345	2
6346	4
6347	4
6348	2
6349	5
6350	4
6351	2
6352	0
6353	2
6354	2
6355	0
6356	3
6357	2
6358	2
6359	1
6360	2
6361	2
6362	2
6363	3
6364	0
6365	1
6366	2
6367	3
6368	1
6369	1
6370	3
6371	1
6372	5
6373	0
6374	1
6375	4
6376	1
6377	4
6378	5
6379	3
6380	1
6381	2
6382	5
6383	6
6384	2
6385	5
6386	6
6387	2
6388	3
6389	5
6390	6
6391	3
6392	2
6393	1
6394	3
6395	6
6396	4
6397	3
6398	2
6399	2
6400	2
6401	2
6402	2
6403	6
6404	4
6405	5
6406	2
6407	4
6408	2
6409	1
6410	1
6411	2
6412	3
6413	2
6414	5
6415	4
6416	3
6417	2
6418	2
6419	7
6420	2
6421	2
6422	5
6423	4
6424	6
6425	2
6426	6
6427	2
6428	7
6429	5
6430	3
6431	8
6432	2
6433	5
6434	5
6435	4
6436	5
6437	4
6438	4
6439	3
6440	6
6441	2
6442	5
6443	6
6444	12
6445	8
6446	5
6447	2
6448	7
6449	4
6450	5
6451	7
6452	3
6453	4
6454	8
6455	2
6456	7
6457	4
6458	2
6459	2
6460	4
6461	3
6462	5
6463	5
6464	9
6465	1
6466	9
6467	6
6468	9
6469	7
6470	7
6471	4
6472	4
6473	3
6474	7
6475	5
6476	2
6477	4
6478	1
6479	6
6480	8
6481	7
6482	11
6483	8
6484	7
6485	5
6486	9
6487	9
6488	13
6489	10
6490	13
6491	3
6492	12
6493	8
6494	7
6495	11
6496	5
6497	8
6498	6
6499	8
6500	11
6501	9
6502	7
6503	14
6504	11
6505	10
6506	4
6507	7
6508	9
6509	6
6510	9
6511	10
6512	13
6513	7
6514	10
6515	7
6516	4
6517	4
6518	9
6519	10
6520	13
6521	14
6522	10
6523	12
6524	3
6525	8
6526	13
6527	9
6528	10
6529	19
6530	15
6531	7
6532	9
6533	15
6534	11
6535	12
6536	12
6537	4
6538	10
6539	9
6540	9
6541	10
6542	10
6543	9
6544	9
6545	15
6546	12
6547	6
6548	12
6549	14
6550	6
6551	4
6552	13
6553	11
6554	18
6555	7
6556	14
6557	15
6558	16
6559	12
6560	12
6561	10
6562	11
6563	12
6564	7
6565	14
6566	13
6567	14
6568	15
6569	14
6570	16
6571	4
6572	15
6573	8
6574	11
6575	10
6576	7
6577	13
6578	13
6579	11
6580	11
6581	16
6582	6
6583	16
6584	13
6585	17
6586	15
6587	14
6588	8
6589	13
6590	8
6591	15
6592	15
6593	17
6594	13
6595	5
6596	16
6597	14
6598	10
6599	14
6600	18
6601	13
6602	16
6603	13
6604	5
6605	11
6606	14
6607	12
6608	11
6609	18
6610	13
6611	7
6612	13
6613	11
6614	13
6615	12
6616	11
6617	15
6618	13
6619	12
6620	10
6621	12
6622	14
6623	12
6624	11
6625	14
6626	12
6627	20
6628	13
6629	10
6630	9
6631	8
6632	12
6633	11
6634	23
6635	9
6636	11
6637	8
6638	10
6639	9
6640	8
6641	11
6642	10
6643	7
6644	10
6645	12
6646	10
6647	12
6648	18
6649	6
6650	11
6651	8
6652	12
6653	8
6654	15
6655	16
6656	10
6657	15
6658	9
6659	9
6660	12
6661	9
6662	14
6663	9
6664	16
6665	12
6666	12
6667	12
6668	15
6669	9
6670	9
6671	13
6672	9
6673	14
6674	9
6675	8
6676	13
6677	13
6678	11
6679	12
6680	10
6681	9
6682	5
6683	12
6684	6
6685	10
6686	5
6687	9
6688	11
6689	13
6690	16
6691	8
6692	7
6693	9
6694	7
6695	10
6696	10
6697	12
6698	8
6699	11
6700	6
6701	9
6702	11
6703	10
6704	7
6705	8
6706	6
6707	10
6708	3
6709	6
6710	8
6711	1
6712	3
6713	6
6714	6
6715	5
6716	8
6717	11
6718	8
6719	4
6720	12
6721	9
6722	5
6723	5
6724	9
6725	4
6726	3
6727	6
6728	6
6729	8
6730	6
6731	6
6732	8
6733	3
6734	7
6735	8
6736	5
6737	11
6738	7
6739	2
6740	4
6741	3
6742	3
6743	6
6744	8
6745	2
6746	7
6747	4
6748	7
6749	3
6750	4
6751	4
6752	5
6753	6
6754	2
6755	5
6756	3
6757	6
6758	9
6759	3
6760	3
6761	8
6762	2
6763	3
6764	3
6765	5
6766	7
6767	7
6768	2
6769	5
6770	6
6771	3
6772	3
6773	6
6774	7
6775	2
6776	3
6777	6
6778	6
6779	5
6780	2
6781	3
6782	5
6783	2
6784	4
6785	3
6786	3
6787	7
6788	2
6789	3
6790	3
6791	3
6792	4
6793	3
6794	1
6795	1
6796	1
6797	1
6798	4
6799	2
6800	0
6801	3
6802	2
6803	4
6804	1
6805	1
6806	4
6807	0
6808	1
6809	3
6810	2
6811	4
6812	1
6813	4
6814	4
6815	4
6816	1
6817	5
6818	4
6819	3
6820	2
6821	2
6822	3
6823	0
6824	2
6825	4
6826	0
6827	1
6828	1
6829	4
6830	2
6831	3
6832	1
6833	2
6834	1
6835	3
6836	0
6837	0
6838	4
6839	0
6840	2
6841	0
6842	1
6843	1
6844	1
6845	3
6846	2
6847	0
6848	0
6849	2
6850	2
6851	0
6852	1
6853	1
6854	1
6855	1
6856	1
6857	1
6858	3
6859	3
6860	3
6861	2
6862	2
6863	0
6864	1
6865	4
6866	0
6867	0
6868	0
6869	1
6870	0
6871	0
6872	1
6873	0
6874	1
6875	0
6876	2
6877	0
6878	1
6879	2
6880	0
6881	0
6882	0
6883	1
6884	0
6885	0
6886	1
6887	1
6888	0
6889	0
6890	1
6891	0
6892	1
6893	0
6894	0
6895	0
6896	1
6897	1
6898	2
6899	1
6900	0
6901	0
6902	0
6903	2
6904	2
6905	0
6906	1
6907	0
6908	0
6909	2
6910	0
6911	0
6912	1
6913	0
6914	0
6915	1
6916	0
6917	0
6918	0
6919	0
6920	1
6921	0
6922	1
6923	1
6924	0
6925	1
6926	0
6927	1
6928	0
6929	0
6930	0
6931	0
6932	0
6933	1
6934	0
6935	1
6936	0
6937	0
6938	0
6939	0
6940	0
6941	1
6942	0
6943	0
6944	1
6945	0
6946	0
6947	0
6948	0
6949	0
6950	0
6951	1
6952	0
6953	0
6954	0
6955	0
6956	0
6957	1
6958	1
6959	0
6960	1
6961	0
6962	0
6963	0
6964	0
6965	0
6966	0
6967	0
6968	0
6969	1
6970	0
6971	0
6972	0
6973	0
6974	1
6975	0
6976	0
6977	0
6978	1
6979	0
6980	1
6981	0
6982	0
6983	1
6984	0
6985	0
6986	0
6987	0
6988	0
6989	0
6990	0
6991	0
6992	0
6993	0
6994	0
6995	0
6996	0
6997	0
6998	0
6999	1
7000	0
7001	1
7002	1
7003	0
7004	0
7005	0
7006	0
7007	0
7008	0
7009	2
7010	0
7011	0
7012	0
7013	0
7014	0
7015	1
7016	0
7017	0
7018	0
7019	0
7020	0
7021	0
7022	0
7023	0
7024	0
7025	0
7026	0
7027	1
7028	1
7029	1
7030	1
7031	0
7032	0
7033	0
7034	0
7035	0
7036	0
7037	0
7038	0
7039	0
7040	0
7041	0
7042	0
7043	0
7044	0
7045	0
7046	0
7047	0
7048	0
7049	0
7050	0
7051	0
7052	0
7053	0
7054	1
7055	0
7056	0
7057	0
7058	1
7059	0
7060	0
7061	0
7062	0
7063	0
7064	0
7065	0
7066	1
7067	0
7068	0
7069	0
7070	0
7071	0
7072	0
7073	0
7074	0
7075	0
7076	0
7077	0
7078	0
7079	0
7080	0
7081	0
7082	0
7083	0
7084	0
7085	0
7086	0
7087	0
7088	3
7089	1
7090	0
7091	0
7092	0
7093	0
7094	0
7095	0
7096	1
7097	0
7098	0
7099	0
7100	0
7101	0
7102	0
7103	0
7104	0
7105	0
7106	1
7107	0
7108	0
7109	0
7110	0
7111	0
7112	0
7113	0
7114	0
7115	0
7116	1
7117	1
7118	0
7119	0
7120	0
7121	0
7122	0
7123	0
7124	0
7125	0
7126	1
7127	0
7128	0
7129	0
7130	0
7131	1
7132	0
7133	1
7134	1
7135	1
7136	0
7137	0
7138	0
7139	0
7140	0
7141	0
7142	0
7143	0
7144	0
7145	0
7146	1
7147	1
7148	0
7149	0
7150	0
7151	0
7152	0
7153	1
7154	0
7155	0
7156	0
7157	0
7158	0
7159	1
7160	0
7161	0
7162	1
7163	0
7164	1
7165	0
7166	0
7167	1
7168	0
7169	0
7170	0
7171	0
7172	0
7173	2
7174	0
7175	0
7176	2
7177	1
7178	1
7179	0
7180	0
7181	0
7182	0
7183	0
7184	0
7185	0
7186	0
7187	0
7188	0
7189	0
7190	0
7191	1
7192	0
7193	0
7194	0
7195	0
7196	0
7197	2
7198	0
7199	0
7200	0
7201	0
7202	0
7203	0
7204	0
7205	0
7206	1
7207	0
7208	0
7209	0
7210	0
7211	0
7212	0
7213	0
7214	0
7215	0
7216	0
7217	0
7218	0
7219	0
7220	0
7221	0
7222	0
7223	0
7224	0
7225	0
7226	0
7227	0
7228	0
7229	1
7230	0
7231	1
7232	0
7233	0
7234	0
7235	0
7236	1
7237	0
7238	0
7239	0
7240	0
7241	0
7242	0
7243	1
7244	0
7245	1
7246	0
7247	0
7248	0
7249	0
7250	0
7251	0
7252	0
7253	0
7254	0
7255	0
7256	0
7257	0
7258	0
7259	0
7260	1
7261	0
7262	0
7263	0
7264	0
7265	0
7266	0
7267	1
7268	0
7269	0
7270	1
7271	0
7272	0
7273	1
7274	0
7275	0
7276	0
7277	1
7278	0
7279	0
7280	0
7281	0
7282	0
7283	1
7284	0
7285	1
7286	1
7287	0
7288	0
7289	0
7290	1
7291	0
7292	1
7293	0
7294	0
7295	0
7296	0
7297	0
7298	1
7299	1
7300	0
7301	0
7302	0
7303	0
7304	0
7305	0
7306	0
7307	1
7308	0
7309	0
7310	1
7311	0
7312	0
7313	1
7314	0
7315	0
7316	0
7317	0
7318	0
7319	0
7320	0
7321	0
7322	0
7323	0
7324	0
7325	0
7326	1
7327	0
7328	0
7329	1
7330	0
7331	0
7332	0
7333	0
7334	0
7335	0
7336	0
7337	0
7338	0
7339	0
7340	0
7341	0
7342	0
7343	0
7344	0
7345	0
7346	0
7347	0
7348	1
7349	1
7350	0
7351	0
7352	0
7353	0
7354	0
7355	0
7356	1
7357	0
7358	1
7359	0
7360	0
7361	0
7362	0
7363	0
7364	0
7365	1
7366	0
7367	0
7368	0
7369	0
7370	0
7371	0
7372	0
7373	1
7374	0
7375	0
7376	0
7377	1
7378	0
7379	0
7380	0
7381	0
7382	0
7383	1
7384	0
7385	0
7386	0
7387	0
7388	0
7389	1
7390	0
7391	1
7392	1
7393	0
7394	0
7395	0
7396	0
7397	0
7398	0
7399	0
7400	0
7401	0
7402	1
7403	0
7404	0
7405	0
7406	1
7407	0
7408	1
7409	0
7410	0
7411	0
7412	1
7413	0
7414	1
7415	0
7416	0
7417	0
7418	0
7419	0
7420	0
7421	1
7422	0
7423	1
7424	1
7425	0
7426	0
7427	0
7428	1
7429	0
7430	0
7431	0
7432	0
7433	0
7434	0
7435	1
7436	1
7437	1
7438	0
7439	0
7440	0
7441	0
7442	0
7443	0
7444	1
7445	0
7446	1
7447	1
7448	0
7449	1
7450	0
7451	0
7452	0
7453	1
7454	2
7455	0
7456	0
7457	0
7458	0
7459	0
7460	0
7461	0
7462	1
7463	0
7464	0
7465	0
7466	0
7467	0
7468	0
7469	0
7470	0
7471	0
7472	0
7473	0
7474	0
7475	0
7476	0
7477	0
7478	0
7479	0
7480	0
7481	0
7482	0
7483	0
7484	0
7485	0
7486	0
7487	1
7488	1
7489	0
7490	0
7491	1
7492	0
7493	0
7494	1
7495	0
7496	1
7497	0
7498	0
7499	0
7500	0
7501	0
7502	0
7503	0
7504	0
7505	1
7506	0
7507	0
7508	0
7509	0
7510	0
7511	0
7512	0
7513	1
7514	0
7515	0
7516	0
7517	1
7518	0
7519	0
7520	0
7521	0
7522	0
7523	0
7524	0
7525	0
7526	0
7527	1
7528	0
7529	1
7530	0
7531	0
7532	0
7533	0
7534	0
7535	0
7536	0
7537	0
7538	0
7539	0
7540	0
7541	0
7542	0
7543	0
7544	0
7545	0
7546	0
7547	0
7548	0
7549	0
7550	0
7551	0
7552	1
7553	0
7554	0
7555	0
7556	0
7557	0
7558	0
7559	0
7560	0
7561	0
7562	1
7563	1
7564	2
7565	0
7566	0
7567	0
7568	0
7569	0
7570	0
7571	0
7572	0
7573	0
7574	0
7575	0
7576	0
7577	1
7578	1
7579	0
7580	0
7581	0
7582	0
7583	0
7584	0
7585	1
7586	0
7587	0
7588	0
7589	1
7590	0
7591	1
7592	1
7593	0
7594	0
7595	1
7596	0
7597	0
7598	1
7599	0
7600	1
7601	0
7602	0
7603	0
7604	0
7605	0
7606	0
7607	0
7608	0
7609	0
7610	0
7611	0
7612	0
7613	0
7614	0
7615	0
7616	1
7617	0
7618	0
7619	0
7620	0
7621	0
7622	0
7623	0
7624	0
7625	0
7626	0
7627	1
7628	0
7629	0
7630	1
7631	1
7632	0
7633	0
7634	1
7635	1
7636	0
7637	0
7638	0
7639	0
7640	0
7641	0
7642	0
7643	0
7644	0
7645	1
7646	0
7647	0
7648	1
7649	1
7650	0
7651	0
7652	0
7653	0
7654	0
7655	0
7656	0
7657	0
7658	0
7659	0
7660	0
7661	0
7662	0
7663	1
7664	0
7665	0
7666	1
7667	0
7668	0
7669	0
7670	0
7671	0
7672	0
7673	0
7674	0
7675	0
7676	1
7677	0
7678	0
7679	0
7680	0
7681	0
7682	0
7683	0
7684	0
7685	0
7686	0
7687	0
7688	0
7689	0
7690	0
7691	0
7692	0
7693	0
7694	0
7695	0
7696	0
7697	1
7698	0
7699	0
7700	0
7701	1
7702	0
7703	0
7704	0
7705	0
7706	0
7707	0
7708	0
7709	0
7710	0
7711	0
7712	0
7713	2
7714	1
7715	0
7716	1
7717	0
7718	0
7719	0
7720	0
7721	0
7722	0
7723	0
7724	2
7725	0
7726	1
7727	0
7728	0
7729	1
7730	0
7731	0
7732	0
7733	0
7734	0
7735	0
7736	0
7737	0
7738	0
7739	0
7740	0
7741	0
7742	0
7743	1
7744	0
7745	1
7746	0
7747	0
7748	0
7749	0
7750	0
7751	0
7752	0
7753	0
7754	0
7755	1
7756	0
7757	0
7758	0
7759	0
7760	0
7761	0
7762	0
7763	1
7764	0
7765	0
7766	0
7767	0
7768	0
7769	0
7770	1
7771	0
7772	0
7773	0
7774	0
7775	0
7776	0
7777	0
7778	0
7779	0
7780	1
7781	0
7782	0
7783	0
7784	0
7785	0
7786	0
7787	0
7788	2
7789	1
7790	0
7791	0
7792	0
7793	0
7794	0
7795	0
7796	0
7797	0
7798	0
7799	1
7800	0
7801	2
7802	1
7803	0
7804	0
7805	0
7806	0
7807	0
7808	1
7809	0
7810	1
7811	0
7812	0
7813	0
7814	0
7815	1
7816	0
7817	0
7818	0
7819	1
7820	0
7821	0
7822	0
7823	1
7824	2
7825	0
7826	0
7827	0
7828	0
7829	0
7830	1
7831	0
7832	0
7833	0
7834	0
7835	0
7836	0
7837	1
7838	0
7839	0
7840	0
7841	0
7842	0
7843	0
7844	0
7845	1
7846	0
7847	1
7848	1
7849	0
7850	0
7851	0
7852	1
7853	0
7854	0
7855	0
7856	0
7857	0
7858	0
7859	0
7860	0
7861	0
7862	0
7863	0
7864	0
7865	0
7866	0
7867	0
7868	1
7869	0
7870	0
7871	0
7872	0
7873	0
7874	0
7875	0
7876	0
7877	0
7878	0
7879	1
7880	0
7881	0
7882	1
7883	1
7884	1
7885	0
7886	0
7887	0
7888	0
7889	0
7890	0
7891	0
7892	0
7893	0
7894	1
7895	0
7896	0
7897	0
7898	1
7899	0
7900	2
7901	0
7902	0
7903	0
7904	0
7905	0
7906	0
7907	0
7908	0
7909	0
7910	1
7911	0
7912	0
7913	0
7914	0
7915	0
7916	1
7917	0
7918	0
7919	0
7920	0
7921	0
7922	0
7923	0
7924	0
7925	0
7926	0
7927	0
7928	1
7929	0
7930	0
7931	0
7932	0
7933	1
7934	0
7935	0
7936	0
7937	0
7938	0
7939	0
7940	0
7941	0
7942	0
7943	0
7944	0
7945	0
7946	1
7947	0
7948	0
7949	0
7950	0
7951	0
7952	1
7953	0
7954	0
7955	0
7956	0
7957	0
7958	0
7959	0
7960	0
7961	0
7962	0
7963	0
7964	0
7965	0
7966	0
7967	0
7968	0
7969	0
7970	0
7971	0
7972	0
7973	0
7974	0
7975	0
7976	0
7977	0
7978	0
7979	0
7980	0
7981	0
7982	0
7983	0
7984	0
7985	0
7986	0
7987	1
7988	0
7989	0
7990	0
7991	0
7992	0
7993	1
7994	0
7995	0
7996	0
7997	0
7998	1
7999	0
8000	0
8001	0
8002	0
8003	0
8004	0
8005	0
8006	0
8007	0
8008	0
8009	0
8010	0
8011	0
8012	0
8013	0
8014	2
8015	1
8016	1
8017	1
8018	0
8019	0
8020	0
8021	0
8022	0
8023	1
8024	0
8025	0
8026	0
8027	1
8028	0
8029	0
8030	0
8031	0
8032	1
8033	0
8034	0
8035	0
8036	0
8037	0
8038	0
8039	0
8040	0
8041	0
8042	0
8043	0
8044	0
8045	1
8046	1
8047	0
8048	0
8049	0
8050	1
8051	0
8052	1
8053	0
8054	0
8055	0
8056	0
8057	0
8058	0
8059	0
8060	0
8061	0
8062	1
8063	0
8064	0
8065	0
8066	0
8067	0
8068	0
8069	0
8070	0
8071	0
8072	0
8073	0
8074	0
8075	0
8076	0
8077	1
8078	0
8079	0
8080	0
8081	0
8082	0
8083	0
8084	0
8085	0
8086	0
8087	0
8088	0
8089	1
8090	0
8091	0
8092	0
8093	0
8094	0
8095	1
8096	0
8097	0
8098	0
8099	0
8100	0
8101	0
8102	0
8103	0
8104	0
8105	0
8106	0
8107	0
8108	0
8109	0
8110	0
8111	0
8112	0
8113	0
8114	0
8115	0
8116	0
8117	0
8118	0
8119	1
8120	0
8121	0
8122	1
8123	0
8124	0
8125	0
8126	0
8127	0
8128	1
8129	1
8130	1
8131	0
8132	0
8133	0
8134	1
8135	0
8136	0
8137	0
8138	0
8139	0
8140	0
8141	0
8142	0
8143	0
8144	0
8145	0
8146	0
8147	0
8148	0
8149	0
8150	0
8151	1
8152	0
8153	0
8154	0
8155	0
8156	0
8157	0
8158	0
8159	0
8160	0
8161	0
8162	0
8163	0
8164	0
8165	0
8166	0
8167	0
8168	1
8169	0
8170	1
8171	0
8172	0
8173	0
8174	0
8175	0
8176	1
8177	1
8178	0
8179	0
8180	0
8181	0
8182	0
8183	2
8184	0
8185	0
8186	0
8187	1
8188	0
8189	0
8190	0
8191	0
