2.743652343750000000e+00
2.990368843078613281e+00
3.168626070022583008e+00
2.834976673126220703e+00
3.021440744400024414e+00
3.006720542907714844e+00
2.996362209320068359e+00
3.087323427200317383e+00
2.930427789688110352e+00
3.022489547729492188e+00
3.057330131530761719e+00
2.896623134613037109e+00
3.056296348571777344e+00
3.052927255630493164e+00
2.940552234649658203e+00
2.940009355545043945e+00
2.992399930953979492e+00
2.967220544815063477e+00
3.115607738494873047e+00
2.972615718841552734e+00
3.015486955642700195e+00
2.972335338592529297e+00
3.031943798065185547e+00
2.970886707305908203e+00
3.153796195983886719e+00
2.855412960052490234e+00
3.067472219467163086e+00
2.904572248458862305e+00
3.058249711990356445e+00
3.019192457199096680e+00
2.928066730499267578e+00
3.021303653717041016e+00
3.039112806320190430e+00
2.993210077285766602e+00
3.018257617950439453e+00
2.982623100280761719e+00
3.070874214172363281e+00
3.006293773651123047e+00
2.922309875488281250e+00
2.967272043228149414e+00
2.955189466476440430e+00
3.022178173065185547e+00
3.020572423934936523e+00
2.908029317855834961e+00
3.085584640502929688e+00
3.007264137268066406e+00
2.951551437377929688e+00
2.985874891281127930e+00
3.007928133010864258e+00
3.201550722122192383e+00
2.967996597290039062e+00
2.899115085601806641e+00
3.013183832168579102e+00
2.924276590347290039e+00
2.996846914291381836e+00
2.930493831634521484e+00
3.006632804870605469e+00
3.070767879486083984e+00
3.109918117523193359e+00
2.942279577255249023e+00
2.924126863479614258e+00
3.029584646224975586e+00
3.153616905212402344e+00
2.851314067840576172e+00
2.979521751403808594e+00
3.076628446578979492e+00
2.879033565521240234e+00
3.089403867721557617e+00
3.105337619781494141e+00
2.867851018905639648e+00
3.003206253051757812e+00
2.976742267608642578e+00
3.025417327880859375e+00
3.138353109359741211e+00
2.859990119934082031e+00
2.945541620254516602e+00
3.004441261291503906e+00
3.042490720748901367e+00
3.031327247619628906e+00
2.880758762359619141e+00
3.093719720840454102e+00
2.990119457244873047e+00
3.135120630264282227e+00
2.965383052825927734e+00
2.927247047424316406e+00
3.048201799392700195e+00
2.907742738723754883e+00
3.084074735641479492e+00
3.108918190002441406e+00
2.869311571121215820e+00
2.936089515686035156e+00
3.072820901870727539e+00
2.997169971466064453e+00
2.993227481842041016e+00
3.006375074386596680e+00
2.942332983016967773e+00
3.077759027481079102e+00
2.879780769348144531e+00
3.087282896041870117e+00
2.916549205780029297e+00
3.022608280181884766e+00
3.018096208572387695e+00
2.963332414627075195e+00
3.035901546478271484e+00
3.022195577621459961e+00
2.922494649887084961e+00
3.013284444808959961e+00
2.968072891235351562e+00
3.099023580551147461e+00
2.981118440628051758e+00
3.097405910491943359e+00
2.926565885543823242e+00
3.017961978912353516e+00
3.148053884506225586e+00
2.819057464599609375e+00
2.990953683853149414e+00
2.958737134933471680e+00
3.037905693054199219e+00
3.062153100967407227e+00
2.906703472137451172e+00
3.037199974060058594e+00
2.922065734863281250e+00
3.103077173233032227e+00
2.855198860168457031e+00
3.184100627899169922e+00
2.799029111862182617e+00
3.019828557968139648e+00
2.998423337936401367e+00
2.945775508880615234e+00
3.063263177871704102e+00
2.991458177566528320e+00
3.083951234817504883e+00
3.017809629440307617e+00
2.906013011932373047e+00
3.062659263610839844e+00
2.956185579299926758e+00
3.022318124771118164e+00
3.020865678787231445e+00
2.923356294631958008e+00
3.038051366806030273e+00
3.117335796356201172e+00
2.965820074081420898e+00
2.895285129547119141e+00
3.060810089111328125e+00
4.944747686386108398e+00
2.083607912063598633e+00
2.401680946350097656e+00
2.631241559982299805e+00
2.603533744812011719e+00
5.372789144515991211e+00
1.651809215545654297e+00
2.243676185607910156e+00
3.052988052368164062e+00
3.052252531051635742e+00
3.550130367279052734e+00
2.370235204696655273e+00
3.015773296356201172e+00
3.017867088317871094e+00
2.980784893035888672e+00
2.984756231307983398e+00
2.965151786804199219e+00
3.497987985610961914e+00
2.555386066436767578e+00
3.025042057037353516e+00
2.984166860580444336e+00
2.943768024444580078e+00
3.103001594543457031e+00
3.024076223373413086e+00
2.957205057144165039e+00
2.972089052200317383e+00
2.985294103622436523e+00
3.009347438812255859e+00
3.063816547393798828e+00
2.889245748519897461e+00
3.073184251785278320e+00
2.880905389785766602e+00
3.064011812210083008e+00
3.038778305053710938e+00
3.021298885345458984e+00
2.971520662307739258e+00
2.949129104614257812e+00
3.015944957733154297e+00
