# Energy [keV]	 mu/rho [cm2 g-1]
1.00000000 9750.20000000
1.00926219 9562.67484238
1.01861017 9378.77490407
1.02804473 9198.42965900
1.03756668 9020.62941210
1.04717682 8843.09867664
1.05687597 8669.07603252
1.06666496 8498.49181758
1.07654461 14503.51556969
1.08651577 14219.07063503
1.09657929 13940.20792848
1.10673602 13666.81782770
1.11698682 13398.79286445
1.12733256 13136.02768229
1.13777413 12878.41899499
1.14831241 12625.86554586
1.15894830 12378.26806787
1.16968270 12135.52924446
1.18051653 11897.55367125
1.19145070 11664.24781844
1.20248614 11435.51999390
1.21362380 11211.28030713
1.22486461 10991.44063373
1.23620954 10775.91458079
1.24765955 10564.61745274
1.25921561 10357.46621808
1.27087871 10154.37947658
1.28264983 9955.27742729
1.29452998 9760.08183702
1.30652016 9568.71600958
1.31862140 9381.10475553
1.33083472 9197.17436258
1.34316117 9016.85256655
1.35560179 8840.06852289
1.36815763 8666.75277877
1.38082977 8496.83724575
1.39361927 8330.25517294
1.40652724 8166.94112070
1.41955477 8006.83093489
1.43270295 7849.86172158
1.44597292 7695.97182228
1.45936580 7545.10078968
1.47288272 7397.18936382
1.48652484 7252.17944876
1.50029332 7109.59444668
1.51418933 6950.85768987
1.52821404 6795.67298349
1.54236865 6643.96066530
1.55665436 6495.64286364
1.57107239 6350.64345710
1.58562396 6208.88803511
1.60031031 6070.30385938
1.61513269 5934.81982625
1.63009236 5802.36642987
1.64519059 5672.87572620
1.66042866 5546.28129787
1.67580786 5422.51821977
1.69132952 5301.52302545
1.70699493 5183.23367431
1.72280545 5067.58951945
1.73876240 4954.53127630
1.75486715 4844.00099199
1.77112106 4735.94201532
1.78752553 4630.29896747
1.80408193 4527.01771340
1.82079168 4426.04533378
1.83765620 4327.33009770
1.85467692 4230.82143586
1.87185529 4136.46991449
1.88919278 4044.22720974
1.90669084 3954.04608273
1.92435098 3865.88035514
1.94217468 3779.68488533
1.96016347 3695.41554503
1.97831888 3613.02919653
1.99664245 3532.48367040
2.01513573 3450.81693170
2.03380031 3370.40762388
2.05263775 3291.87689560
2.07164968 3215.18074221
2.09083769 3140.27619254
2.11020343 3067.12128461
2.12974854 2995.67504185
2.14947467 2925.89744988
2.16938352 2857.74943390
2.18947676 2791.19283653
2.20975611 2726.19039623
2.23022330 2662.70572621
2.25088005 2600.70329385
2.27172813 2540.14840058
2.29276931 2481.00716226
2.31400538 2423.24649000
2.33543814 2366.83407147
2.35706941 2311.73835262
2.37890104 2257.92851982
2.40093488 2205.37448245
2.42317279 2154.04685592
2.44561668 2103.91694500
2.46826845 2054.95672766
2.49113003 2007.13883921
2.51420335 1960.43655685
2.53749038 1914.82378455
2.56099310 1870.27503834
2.58471351 1826.76543190
2.60865362 1784.27066251
2.63281547 1742.76699734
2.65720111 1702.23126003
2.68181261 1662.64081762
2.70665207 1623.97356776
2.73172160 1586.20792629
2.75702333 1549.32281497
2.78255940 1513.29764969
2.80833200 1478.11232876
2.83434331 1443.74722165
2.86059554 1410.18315787
2.88709092 1377.40141620
2.91383170 1345.38371408
2.94082017 1314.11219736
2.96805861 1283.56943021
2.99554933 1253.73838528
3.02329468 1223.85913761
3.05129702 1194.55491938
3.07955871 1165.95450980
3.10808217 1138.04095298
3.13686982 1110.79770278
3.16592411 1084.20861290
3.19524751 1058.25792720
3.22484250 1032.93027019
3.25471161 1008.21063786
3.28485737 984.08438867
3.31528234 960.53723471
3.34598912 937.55523322
3.37698031 915.12477815
3.40825855 893.23259206
3.43982649 871.86571810
3.47168682 851.01151231
3.50384225 830.65763600
3.53629550 810.79204835
3.56904935 791.40299923
3.60210656 772.47902214
3.63546996 754.00892734
3.66914238 735.98179516
3.70312668 718.38696945
3.73742574 701.21405120
3.77204249 684.45289234
3.80697987 668.09358964
3.84224085 652.12647879
3.87782841 636.54212861
3.91374560 621.33133544
3.94999546 606.48511761
3.98658107 591.99471005
4.02350555 577.72460481
4.06077203 563.72861703
4.09838367 550.07288051
4.13634368 536.74909415
4.17465529 523.74916009
4.21332174 511.06517875
4.25234633 498.68944390
4.29173238 486.61443796
4.33148322 474.83282734
4.37160225 463.33745795
4.41209286 452.12135074
4.45295851 441.17769744
4.49420266 430.49985636
4.53582883 420.08134831
4.57784054 902.34429157
4.62024137 885.63947187
4.66303493 869.25438652
4.70622485 852.94364693
4.74981480 834.59849900
4.79380850 816.65141133
4.83820966 799.09365956
4.88302209 1010.96049243
4.92824957 991.75837930
4.97389596 972.92824194
5.01996513 952.41582127
5.06646101 929.71307988
5.11338754 907.55241000
5.16074871 885.92084505
5.20854855 981.19749885
5.25679112 958.70997088
5.30548053 936.73928854
5.35462090 915.27353479
5.40421642 894.30106835
5.45427131 873.81051729
5.50478981 853.79077279
5.55577622 834.23098298
5.60723488 815.12054704
5.65917016 796.44910932
5.71158648 778.20655366
5.76448828 760.38299784
5.81788007 742.96878814
5.87176639 725.95449404
5.92615181 709.33090303
5.98104096 693.08901557
6.03643851 676.71906646
6.09234915 660.48088345
6.14877765 644.63292044
6.20572881 629.16578481
6.26320745 614.07031043
6.32121848 599.33755218
6.37976681 584.95878060
6.43885743 570.92547669
6.49849535 557.22932684
6.55868566 543.86221786
6.61943346 530.81623211
6.68074392 518.08364284
6.74262224 505.65690951
6.80507370 493.52867335
6.86810359 481.69175293
6.93171728 470.13913990
6.99592017 458.86399481
7.06071771 447.85964302
7.12611543 437.11957074
7.19211887 426.63742112
7.25873365 416.40699047
7.32596543 406.42222461
7.39381992 396.67721516
7.46230289 387.16619614
7.53142017 377.88354043
7.60117762 368.82375649
7.67158118 359.98148504
7.74263683 351.35149590
7.81435061 342.92868487
7.88672862 334.70807067
7.95977700 326.68479198
8.03350198 318.81822363
8.10790981 311.09910933
8.18300682 303.56713846
8.25879939 296.21776720
8.33529397 289.04656224
8.41249705 282.04919806
8.49041520 275.22145432
8.56905505 268.55921332
8.64842328 262.05845747
8.72852662 255.71526686
8.80937190 249.52581690
8.89096599 243.48637596
8.97331581 237.59330314
9.05642838 231.84304605
9.14031075 226.23213865
9.22497005 220.75719915
9.31041349 215.41492797
9.39664831 210.20210571
9.48368187 205.11559123
9.57152154 200.15231972
9.66017480 195.30930086
9.74964918 190.58361699
9.83995230 185.97242136
9.93109181 181.47293639
10.02307548 177.06740214
10.11591112 172.72488473
10.20960662 168.48896136
10.30416995 164.35701299
10.39960914 160.32648496
10.49593231 156.39488547
10.59314764 152.55978399
10.69126339 148.81880978
10.79028792 145.16965039
10.89022962 141.61005026
10.99109701 138.13780927
11.09289865 134.75078143
11.19564319 131.44687350
11.29933938 128.22404374
11.40399602 125.08030059
11.50962201 122.01370147
11.61622633 119.02235155
11.72381803 116.10440262
11.83240627 113.25805189
11.94200028 110.48154088
12.05260937 107.77315437
12.16424294 105.13121928
12.27691048 102.55410370
12.39062157 100.04021579
12.50538587 97.58800288
12.62121315 95.19595045
12.73811323 92.86258121
12.85609607 90.58645417
12.97517169 88.36616379
13.09535020 86.20033904
13.21664184 84.08764263
13.33905690 82.02677010
13.46260579 80.01644906
13.58729902 78.05543840
13.71314718 76.14252751
13.84016097 74.27653552
13.96835118 72.45631060
14.09772872 70.68072919
14.22830457 68.94869537
14.36008985 67.25914014
14.49309574 65.61102077
14.62733356 64.00332015
14.76281472 62.43504614
14.89955073 60.90523102
15.03755321 59.41109424
15.17683390 57.94881607
15.31740464 56.52253988
15.45927736 55.13137898
15.60246414 53.77446856
15.74697715 52.45096508
15.89282866 51.16004581
16.04003107 49.90090828
16.18859690 48.67276979
16.33853878 47.47486691
16.48986944 46.30645503
16.64260176 45.16680789
16.79674872 44.05521711
16.95232342 42.97099176
17.10933907 41.91345793
17.26780904 40.88195834
17.42774678 39.87585185
17.58916590 38.89451316
17.75208012 37.93733235
17.91650327 37.00371453
18.08244935 36.09307946
18.24993245 35.20486120
18.41896681 34.33850775
18.58956680 33.49348070
18.76174691 32.66925491
18.93552180 31.86531818
19.11090622 31.08117091
19.28791508 30.31632582
19.46656343 29.57030763
19.64686646 28.84265276
19.82883949 28.13290905
20.01249799 27.44105416
20.19785757 26.77183589
20.38493398 26.11893957
20.57374313 25.48196706
20.76430107 24.86052997
20.95662399 24.25424937
21.15072825 23.66275556
21.34663033 23.08568787
21.54434690 22.52269444
21.74389476 21.97343198
21.94529086 21.43756556
22.14855234 20.91476844
22.35369646 20.40472185
22.56074066 19.90711479
22.76970255 19.42164385
22.98059989 18.94801301
23.19345059 18.48593348
23.40827276 18.03512352
23.62508465 17.59530825
23.84390470 17.16621950
24.06475150 16.74759565
24.28764382 16.33918145
24.51260062 15.94072787
24.73964101 15.55199198
24.96878429 15.17273675
25.20004994 14.80273095
25.43345761 14.44174898
25.66902715 14.08957073
25.90677859 13.74598150
26.14673212 13.41077178
26.38890814 13.08373721
26.63332725 12.76467838
26.88001022 12.45340077
27.12897800 12.14971459
27.38025178 11.85343469
27.63385290 11.56438043
27.88980292 11.28237557
28.14812361 11.00724818
28.40883690 10.73883053
28.67196497 10.47695895
28.93753019 10.22147380
29.20555512 9.97221932
29.47606255 9.72904353
29.74907547 9.49179818
30.02461709 9.26081118
30.30271083 9.04017867
30.58338032 8.82482153
30.86664943 8.61461326
31.15254224 8.40943039
31.44108303 8.20915243
31.73229635 8.01366180
32.02620694 7.82284371
32.32283978 7.63658616
32.62222010 7.45477982
32.92437333 7.27731801
33.22932516 36.23614056
33.53710152 35.38737802
33.84772856 34.55850828
34.16123269 33.74906486
34.47764055 32.95859226
34.79697904 32.18664563
35.11927530 31.43279056
35.44455674 30.69660285
35.77285099 29.97766823
36.10418597 29.27558216
36.43858984 28.58994959
36.77609102 27.92038472
37.11671819 27.26651082
37.46050033 26.62795999
37.80746664 26.00437295
38.15764661 25.39539886
38.51107002 24.80069511
38.86776691 24.21992711
39.22776759 23.65276814
39.59110266 23.09889913
39.95780302 22.55800850
40.32789982 22.02441317
40.70142453 21.50279528
41.07840890 20.99356667
41.45888497 20.49643257
41.84288508 20.01110522
42.23044187 19.53730372
42.62158829 19.07475386
43.01635758 18.62318796
43.41478330 18.18234471
43.81689932 17.75196904
44.22273981 17.33181193
44.63233927 16.92163031
45.04573252 16.52118690
45.46295470 16.13025005
45.88404126 15.74859364
46.30902802 15.37599694
46.73795108 15.01224446
47.17084691 14.65712586
47.60775230 14.31043580
48.04870440 13.97197383
48.49374067 13.64154426
48.94289896 13.31895609
49.39621744 13.00402283
49.85373464 12.69656247
50.31548945 12.39357783
50.78152112 12.09658870
51.25186927 11.80676667
51.72657387 11.52393824
52.20567528 11.24793412
52.68921421 10.97858912
53.17723178 10.71574203
53.66976946 10.45923559
54.16686911 10.20891631
54.66857300 9.96463445
55.17492376 9.72624390
55.68596444 9.49360207
56.20173848 9.26656983
56.72228972 9.04501145
57.24766240 8.82879446
57.77790118 8.61778962
58.31305114 8.41187080
58.85315775 8.21091495
59.39826694 8.01480198
59.94842503 7.82341474
60.50367879 7.63662066
61.06407542 7.45434673
61.62966255 7.27648597
62.20048826 7.10293103
62.77660106 6.93357721
63.35804993 6.76832235
63.94488429 6.60706677
64.53715402 6.44971323
65.13490946 6.29616685
65.73820143 6.14633505
66.34708121 6.00012752
66.96160055 5.85745616
67.58181168 5.71823498
68.20776733 5.58238012
68.83952070 5.44980974
69.47712548 5.32044399
70.12063589 5.19420499
70.77010661 5.07101673
71.42559286 4.95080507
72.08715034 4.83349765
72.75483529 4.71902389
73.42870447 4.60731494
74.10881516 4.49830360
74.79522516 4.39192432
75.48799282 4.28811314
76.18717702 4.18680767
76.89283721 4.08794703
77.60503335 3.99147182
78.32382599 3.89732409
79.04927623 3.80544730
79.78144572 3.71578628
80.52039671 3.62909735
81.26619200 3.54482472
82.01889499 3.46257049
82.77856966 3.38228599
83.54528058 3.30392371
84.31909293 3.22743731
85.10007247 3.15278155
85.88828560 3.07991231
86.68379930 3.00878651
87.48668120 2.93936211
88.29699955 2.87159811
89.11482323 2.80545447
89.94022174 2.74089213
90.77326525 2.67787298
91.61402457 2.61635983
92.46257116 2.55631637
93.31897716 2.49770718
94.18331535 2.44049769
95.05565920 2.38465419
95.93608287 2.33014374
96.82466119 2.27693422
97.72146970 2.22499430
98.62658461 2.17429337
99.54008288 2.12480159
100.46204213 2.07772338
101.39254076 2.03294873
102.33165783 1.98919234
103.27947319 1.94643083
104.23606740 1.90464135
105.20152176 1.86380159
106.17591835 1.82388975
107.15933998 1.78488452
108.15187026 1.74676510
109.15359353 1.70951114
110.16459496 1.67310279
111.18496048 1.63752064
112.21477682 1.60274573
113.25413152 1.56875952
114.30311291 1.53554391
115.36181017 1.50308124
116.43031329 1.47135421
117.50871309 1.44034595
118.59710123 1.41003996
119.69557024 1.38042013
120.80421347 1.35147073
121.92312516 1.32317637
123.05240044 1.29552202
124.19213527 1.26849300
125.34242655 1.24207498
126.50337204 1.21625393
127.67507043 1.19101616
128.85762132 1.16634830
130.05112522 1.14223729
131.25568358 1.11867034
132.47139879 1.09563499
133.69837418 1.07311904
134.93671406 1.05111060
136.18652368 1.02959802
137.44790927 1.00856994
138.72097805 0.98801525
140.00583825 0.96792311
141.30259906 0.94828291
142.61137072 0.92908430
143.93226447 0.91031715
145.26539259 0.89197159
146.61086840 0.87403795
147.96880627 0.85650679
149.33932161 0.83936890
150.72253093 0.82358903
152.11855180 0.80901907
153.52750288 0.79473916
154.94950393 0.78074341
156.38467583 0.76702602
157.83314057 0.75358134
159.29502126 0.74040381
160.77044217 0.72748801
162.25952871 0.71482861
163.76240745 0.70242039
165.27920615 0.69025824
166.81005372 0.67833717
168.35508030 0.66665226
169.91441720 0.65519872
171.48819699 0.64397184
173.07655342 0.63296702
174.67962151 0.62217974
176.29753753 0.61160557
177.93043899 0.60124020
179.57846470 0.59107937
181.24175474 0.58111893
182.92045048 0.57135481
184.61469463 0.56178302
186.32463119 0.55239965
188.05040551 0.54320087
189.79216428 0.53418295
191.55005556 0.52534220
193.32422876 0.51667503
195.11483468 0.50817791
196.92202555 0.49984740
198.74595496 0.49168010
200.58677795 0.48414926
202.44465100 0.47776175
204.31973202 0.47147356
206.21218040 0.46528308
208.12215700 0.45918871
210.04982417 0.45318892
211.99534575 0.44728216
213.95888713 0.44146692
215.94061521 0.43574174
217.94069843 0.43010514
219.95930680 0.42455570
221.99661191 0.41909200
224.05278693 0.41371266
226.12800663 0.40841632
228.22244742 0.40320162
230.33628731 0.39806726
232.46970600 0.39301193
234.62288481 0.38803435
236.79600678 0.38313328
238.98925662 0.37830746
241.20282076 0.37355569
243.43688735 0.36887677
245.69164630 0.36426952
247.96728925 0.35973279
250.26400964 0.35526544
252.58200270 0.35086635
254.92146545 0.34653441
257.28259674 0.34226854
259.66559729 0.33806769
262.07066965 0.33393079
264.49801824 0.32985682
266.94784940 0.32584476
269.42037137 0.32189362
271.91579430 0.31800241
274.43433032 0.31417018
276.97619350 0.31039595
279.54159991 0.30667882
282.13076759 0.30301785
284.74391665 0.29941214
287.38126919 0.29586080
290.04304939 0.29236296
292.72948350 0.28891776
295.44079989 0.28552435
298.17722900 0.28218190
300.93900344 0.27915282
303.72635797 0.27667144
306.53952951 0.27421661
309.37875717 0.27178802
312.24428231 0.26938538
315.13634849 0.26700837
318.05520153 0.26465672
321.00108955 0.26233011
323.97426295 0.26002827
326.97497445 0.25775092
330.00347911 0.25549776
333.06003436 0.25326852
336.14490001 0.25106293
339.25833827 0.24888071
342.40061380 0.24672160
345.57199368 0.24458534
348.77274748 0.24247164
352.00314728 0.24038027
355.26346766 0.23831097
358.55398575 0.23626347
361.87498124 0.23423753
365.22673643 0.23223291
368.60953622 0.23024935
372.02366814 0.22828662
375.46942241 0.22634449
378.94709191 0.22442270
382.45697225 0.22252104
385.99936177 0.22063926
389.57456158 0.21877715
393.18287557 0.21693448
396.82461046 0.21511103
400.50007579 0.21334794
404.20958398 0.21186372
407.95345035 0.21039141
411.73199312 0.20893090
415.54553347 0.20748209
419.39439557 0.20604489
423.27890656 0.20461919
427.19939663 0.20320488
431.15619903 0.20180188
435.14965009 0.20041008
439.18008926 0.19902939
443.24785912 0.19765970
447.35330545 0.19630093
451.49677720 0.19495298
455.67862658 0.19361575
459.89920905 0.19228916
464.15888336 0.19097310
468.45801159 0.18966750
472.79695916 0.18837225
477.17609489 0.18708727
481.59579102 0.18581247
486.05642321 0.18454776
490.55837064 0.18329306
495.10201596 0.18204828
499.68774539 0.18081333
504.31594872 0.17971519
508.98701935 0.17863358
513.70135434 0.17755912
518.45935439 0.17649176
523.26142395 0.17543145
528.10797119 0.17437814
532.99940808 0.17333179
537.93615040 0.17229234
542.91861776 0.17125974
547.94723369 0.17023394
553.02242562 0.16921491
558.14462495 0.16820258
563.31426706 0.16719692
568.53179139 0.16619787
573.79764142 0.16520539
579.11226476 0.16421943
584.47611316 0.16323995
589.88964255 0.16226690
595.35331308 0.16130023
600.86758917 0.16035224
606.43293954 0.15947618
612.04983725 0.15860516
617.71875973 0.15773913
623.44018886 0.15687808
629.21461096 0.15602197
635.04251686 0.15517077
640.92440194 0.15432445
646.86076615 0.15348299
652.85211411 0.15264635
658.89895508 0.15181451
665.00180304 0.15098744
671.16117675 0.15016510
677.37759975 0.14934747
683.65160045 0.14853453
689.98371214 0.14772624
696.37447306 0.14692257
702.82442643 0.14612351
709.33412050 0.14532901
715.90410860 0.14453906
722.53494918 0.14375363
729.22720587 0.14297268
735.98144753 0.14219620
742.79824826 0.14142416
749.67818750 0.14065652
756.62185005 0.13989327
763.62982613 0.13913437
770.70271142 0.13837981
777.84110713 0.13762955
785.04562002 0.13688357
792.31686249 0.13614185
799.65545259 0.13540436
807.06201411 0.13470189
814.53717663 0.13400466
822.08157552 0.13331111
829.69585208 0.13262124
837.38065353 0.13193501
845.13663307 0.13125242
852.96444997 0.13057343
860.86476961 0.12989804
868.83826353 0.12922622
876.88560946 0.12855795
885.00749145 0.12789321
893.20459986 0.12723199
901.47763145 0.12657426
909.82728945 0.12592001
918.25428357 0.12526922
926.75933011 0.12462186
935.34315203 0.12397793
944.00647894 0.12333740
952.75004724 0.12270025
961.57460014 0.12206646
970.48088774 0.12143602
979.46966707 0.12080892
988.54170219 0.12018512
997.69776424 0.11956461
1006.93863148 0.11895763
1016.26508939 0.11835715
1025.67793074 0.11775973
1035.17795563 0.11716534
1044.76597156 0.11657398
1054.44279353 0.11598563
1064.20924406 0.11540027
1074.06615333 0.11481789
1084.01435918 0.11423846
1094.05470721 0.11366199
1104.18805085 0.11308844
1114.41525147 0.11251782
1124.73717836 0.11195009
1135.15470892 0.11138525
1145.66872863 0.11082328
1156.28013121 0.11026417
1166.98981862 0.10970791
1177.79870120 0.10915447
1188.70769771 0.10860384
1199.71773544 0.10805601
1210.82975023 0.10751097
1222.04468663 0.10696870
1233.36349791 0.10642918
1244.78714619 0.10589241
1256.31660247 0.10537515
1267.95284679 0.10487427
1279.69686822 0.10437577
1291.54966501 0.10387965
1303.51224468 0.10338588
1315.58562405 0.10289446
1327.77082936 0.10240537
1340.06889636 0.10191861
1352.48087042 0.10143417
1365.00780655 0.10095202
1377.65076955 0.10047217
1390.41083409 0.09999460
1403.28908479 0.09951930
1416.28661630 0.09904626
1429.40453343 0.09857547
1442.64395122 0.09810692
1456.00599502 0.09764059
1469.49180062 0.09717648
1483.10251434 0.09671458
1496.83929308 0.09625487
1510.70330449 0.09583095
1524.69572702 0.09541884
1538.81775004 0.09500852
1553.07057393 0.09459999
1567.45541021 0.09419323
1581.97348158 0.09378825
1596.62602210 0.09338502
1611.41427725 0.09298355
1626.33950405 0.09258383
1641.40297114 0.09218584
1656.60595895 0.09178959
1671.94975973 0.09139505
1687.43567773 0.09100224
1703.06502925 0.09061113
1718.83914282 0.09022172
1734.75935923 0.08983401
1750.82703174 0.08944798
1767.04352609 0.08906363
1783.41022071 0.08868095
1799.92850678 0.08829994
1816.59978838 0.08792058
1833.42548256 0.08754287
1850.40701954 0.08716680
1867.54584276 0.08679237
1884.84340903 0.08641956
1902.30118867 0.08604837
1919.92066559 0.08567880
1937.70333748 0.08531083
1955.65071587 0.08494447
1973.76432630 0.08457969
1992.04570845 0.08421650
2010.49641626 0.08389119
2029.11801805 0.08359478
2047.91209667 0.08329952
2066.88024963 0.08300542
2086.02408925 0.08271246
2105.34524277 0.08242065
2124.84535250 0.08212997
2144.52607597 0.08184043
2164.38908606 0.08155202
2184.43607115 0.08126473
2204.66873524 0.08097856
2225.08879813 0.08069351
2245.69799554 0.08040956
2266.49807927 0.08012672
2287.49081736 0.07984499
2308.67799419 0.07956434
2330.06141070 0.07928479
2351.64288449 0.07900633
2373.42425002 0.07872894
2395.40735872 0.07845264
2417.59407917 0.07817741
2439.98629726 0.07790324
2462.58591635 0.07763015
2485.39485743 0.07735811
2508.41505928 0.07708712
2531.64847863 0.07681719
2555.09709035 0.07654831
2578.76288759 0.07628046
2602.64788197 0.07601366
2626.75410372 0.07574788
2651.08360191 0.07548314
2675.63844455 0.07521942
2700.42071884 0.07495672
2725.43253128 0.07469504
2750.67600791 0.07443437
2776.15329444 0.07417471
2801.86655646 0.07391605
2827.81797963 0.07365839
2854.00976983 0.07340173
2880.44415340 0.07314606
2907.12337727 0.07289137
2934.04970922 0.07263767
2961.22543799 0.07238494
2988.65287355 0.07213320
3016.33434726 0.07191830
3044.27221206 0.07172922
3072.46884271 0.07154085
3100.92663593 0.07135319
3129.64801067 0.07116624
3158.63540827 0.07097999
3187.89129268 0.07079444
3217.41815068 0.07060959
3247.21849207 0.07042543
3277.29484992 0.07024196
3307.64978074 0.07005919
3338.28586473 0.06987710
3369.20570598 0.06969569
3400.41193270 0.06951496
3431.90719746 0.06933491
3463.69417737 0.06915554
3495.77557436 0.06897683
3528.15411538 0.06879880
3560.83255263 0.06862143
3593.81366380 0.06844472
3627.10025233 0.06826867
3660.69514760 0.06809328
3694.60120520 0.06791855
3728.82130718 0.06774447
3763.35836229 0.06757103
3798.21530619 0.06739824
3833.39510177 0.06722610
3868.90073933 0.06705460
3904.73523689 0.06688373
3940.90164040 0.06671350
3977.40302406 0.06654390
4014.24249050 0.06639270
4051.42317111 0.06627036
4088.94822629 0.06614852
4126.82084570 0.06602717
4165.04424855 0.06590632
4203.62168384 0.06578596
4242.55643072 0.06566608
4281.85179865 0.06554669
4321.51112779 0.06542779
4361.53778921 0.06530937
4401.93518521 0.06519143
4442.70674961 0.06507397
4483.85594802 0.06495699
4525.38627817 0.06484049
4567.30127017 0.06472445
4609.60448683 0.06460889
4652.29952396 0.06449380
4695.39001068 0.06437917
4738.87960972 0.06426501
4782.77201773 0.06415132
4827.07096560 0.06403808
4871.78021879 0.06392531
4916.90357763 0.06381299
4962.44487763 0.06370114
5008.40798985 0.06359577
5054.79682119 0.06351792
5101.61531475 0.06344046
5148.86745014 0.06336339
5196.55724383 0.06328671
5244.68874950 0.06321041
5293.26605836 0.06313449
5342.29329954 0.06305896
5391.77464039 0.06298381
5441.71428687 0.06290904
5492.11648389 0.06283465
5542.98551568 0.06276064
5594.32570617 0.06268700
5646.14141930 0.06261374
5698.43705947 0.06254085
5751.21707184 0.06246834
5804.48594277 0.06239619
5858.24820015 0.06232442
5912.50841383 0.06225301
5967.27119597 0.06218197
6022.54120146 0.06212759
6078.32312830 0.06209730
6134.62171799 0.06206734
6191.44175598 0.06203770
6248.78807201 0.06200838
6306.66554057 0.06197939
6365.07908130 0.06195071
6424.03365939 0.06192235
6483.53428605 0.06189431
6543.58601888 0.06186659
6604.19396233 0.06183918
6665.36326812 0.06181209
6727.09913571 0.06178532
6789.40681270 0.06175886
6852.29159528 0.06173272
6915.75882874 0.06170689
6979.81390783 0.06168138
7044.46227730 0.06165617
7109.70943231 0.06163128
7175.56091894 0.06160670
7242.02233461 0.06158243
7309.09932860 0.06155847
7376.79760253 0.06153482
7445.12291080 0.06151148
7514.08106112 0.06148845
7583.67791500 0.06146572
7653.91938823 0.06144330
7724.81145140 0.06142119
7796.36013041 0.06139938
7868.57150694 0.06137787
7941.45171903 0.06135667
8015.00696157 0.06134339
8089.24348681 0.06136024
8164.16760492 0.06137740
8239.78568453 0.06139485
8316.10415323 0.06141259
8393.12949817 0.06143064
8470.86826656 0.06144898
8549.32706627 0.06146762
8628.51256637 0.06148656
8708.43149769 0.06150580
8789.09065342 0.06152533
8870.49688965 0.06154516
8952.65712600 0.06156529
9035.57834614 0.06158572
9119.26759846 0.06160644
9203.73199662 0.06162746
9288.97872016 0.06164878
9375.01501515 0.06167039
9461.84819472 0.06169230
9549.48563979 0.06171451
9637.93479962 0.06173701
9727.20319245 0.06175982
9817.29840619 0.06178291
9908.22809900 0.06180631
10000.00000000 0.06183000
